0.80715622
1.1491188
0.85426205
1.1894576
1.1864138
1.0562883
1.3039095
0.52363077
0.95350429
0.91122576
0.81587905
0.39849898
0.83021761
0.59865248
-1.7968129
0.5826903
0.51131694
0.92494053
0.89399549
1.1528821
0.92681215
0.83807987
0.81843072
0.83807987
1.1780389
1.2065482
1.0310513
1.0142076
0.52720331
0.97341884
0.93607376
0.92971029
0.3575422
0.86865474
0.60128516
-1.7889185
0.58185165
0.45033923
0.96622538
0.89688171
1.1411383
0.92668453
0.86583683
0.86583683
1.1827148
1.1963419
1.0472276
1.0665862
0.53755555
1.019328
0.9710302
0.84847602
0.40971616
0.85769463
0.6233128
-1.8442726
0.57484081
0.42978575
0.96125123
0.92806564
1.1278999
0.9063284
0.81843072
1.0952199
0.93190402
1.252503
1.2106377
0.64611418
0.9796604
0.82209103
1.1125064
0.62869307
0.88362669
0.79264312
-0.82508209
1.2988487
1.0498264
0.78336088
1.1730287
0.74377159
1.136869
1.694005
1.694005
0.92974786
1.2468224
1.1844619
0.67479392
1.0926429
0.84031219
1.1250053
0.66685723
0.89818655
0.96116359
-0.80465114
1.3630862
1.0841451
0.85446509
1.2256277
0.75696872
1.185829
0.27390167
-0.53965322
0.16185831
-0.42432501
-0.67529298
-0.30674626
-2.5846367
-1.1281372
-0.89837009
-2.4050991
-0.65076381
0.17429422
0.02848804
-0.35421512
0.19271719
0.11410609
0.043976455
-0.25745793
0.33561038
0.25526856
-0.54310755
0.1528145
-0.42902362
-0.65685088
-0.30387699
-2.6106504
-1.0487227
-0.95545825
-2.3838039
-0.69871496
0.027346841
-0.34699475
-0.032682647
0.31507277
0.2524293
-0.22928512
0.41587105
0.22934956
-0.20327948
0.166011
-0.17642422
-0.37450318
-0.25783285
-1.9460536
-2.2645238
-0.80794161
-0.96705889
-1.5610514
-0.76735776
0.0081514503
0.092383442
-0.26884326
0.11584139
0.29614081
0.2279008
-0.24820264
0.38195493
0.22219749
-0.24257456
0.17882179
-0.21850993
-0.37347808
-0.23442883
-1.3883406
-2.2261955
-0.88955663
-0.99700738
-1.6214991
-0.67283898
0.028222538
0.07783799
-0.21643803
0.026242891
0.032579212
-0.25307908
0.33841784
0.28959691
-0.55843832
0.15961358
-0.43652125
-0.63281138
-0.43365239
-2.5969176
-1.0090143
-0.92964287
-2.3942759
-0.62653531
-0.17796293
0.01141694
-0.36434811
-0.07247688
0.0013144973
0.1302599
0.093803285
0.02272149
0.32727166
0.2466
-0.5833397
0.1353567
-0.44856125
-0.64171521
-0.38963373
-2.505109
-1.1351499
-1.035334
-2.3690207
-0.61945275
0.027531096
-0.33598672
-0.045001503
0.031136837
0.057144543
-0.23243418
0.31460883
0.30479042
-0.5504936
0.16332481
-0.45230736
-0.65297723
-0.32552364
-2.6061455
-2.5478723
-1.042626
-1.0627342
-2.4517994
-0.50450176
0.02873677
-0.32985567
-0.037623512
0.20302966
0.27586155
-0.1877975
0.40522187
0.2748349
-0.24739397
0.19134866
-0.17949394
-0.31929299
-0.33523614
-1.9433938
-2.1084058
-0.79745056
-0.96185181
-1.652867
-0.77701076
0.05826629
0.07992971
-0.19881491
0.098385041
0.30408309
0.2496401
-0.23530566
0.41955475
0.20776311
-0.24955184
0.16934182
-0.16628255
-0.37407814
-0.22430239
-1.8561069
-2.2001171
-0.90668182
-1.0191771
-1.6392119
-0.79882522
-0.013228258
0.070748073
-0.22857915
-1.210327
-1.3946069
-0.51095337
-2.1782028
-1.8029446
-2.0639413
-2.9555745
-2.9995948
-2.4152561
-2.2810616
-2.4173141
-1.3519855
-0.83292377
-1.7165724
-0.95578798
-0.95578798
-1.7064267
-0.97753333
-1.0212424
-1.2043254
-1.3758079
-0.44462788
-1.9092466
-2.103837
-1.8304269
-2.0433081
-2.9898825
-3.0165385
-2.3949325
-2.251294
-2.3626259
-1.3553852
-0.88248897
-1.6634135
-1.0113289
-0.76555255
-1.0944132
-0.94662312
-0.74980726
-0.93326526
-1.1576884
-0.57611035
-1.8152691
-1.7851143
-1.5376836
-1.7711167
-2.6561563
-2.3260217
-1.7946821
-2.0471389
-1.5267486
-1.0563565
-0.43767599
-1.2409933
-0.64781999
-0.64781999
-1.1230711
-0.85584351
-0.77312648
-0.93743087
-1.1313532
-0.54398208
-1.8751561
-1.8510358
-1.4977828
-1.7452113
-2.7746121
-2.4124738
-1.844928
-2.0493313
-1.530383
-1.10528
-0.45973375
-1.1395734
-0.91371834
-0.96547861
-0.96904539
-1.0480275
-1.1128894
-1.3733904
-0.49854268
-1.9330217
-2.1536496
-1.7877208
-2.0370917
-2.9705118
-3.0463722
-2.4349993
-2.2783374
-2.4021444
-1.3877725
-0.9227373
-1.6909501
-0.92716602
-0.90952916
-0.92716602
-1.5850754
-1.0115637
-1.1761908
-1.1855829
-1.3747007
-0.41277818
-1.4174171
-2.1860567
-1.0866448
-2.0748573
-3.0470469
-3.062364
-2.457195
-2.3083955
-2.4144772
-1.3712135
-0.92833836
-1.6138836
-0.95699823
-0.95699823
-1.6472906
-1.0003991
-1.1335242
-1.1553677
-1.3372393
-0.48374466
-2.0023197
-2.1685461
-1.0452315
-2.0970787
-2.9296444
-3.0167616
-2.3613685
-2.2920444
-1.0721375
-1.3832131
-0.86364203
-1.6594491
-0.90952916
-0.71533207
-1.1566007
-0.87589343
-0.71521805
-1.0063492
-1.1963371
-0.5491341
-1.8408594
-1.4846471
-1.8111921
-2.6485602
-2.4559377
-1.808772
-2.03052
-1.4798587
-1.01116
-0.32221162
-1.0728773
-0.78041518
-0.78041518
-1.1046186
-0.8808209
-0.76292158
-0.98035463
-1.1832338
-0.45800531
-1.9012184
-1.8477708
-1.5035711
-1.7778688
-2.7244266
-2.3941633
-1.8795027
-2.0045139
-1.462296
-0.87408061
-0.39473121
-1.2572871
-1.2214789
-1.0984176
-0.81467992
-0.9395239
-1.0085545
-0.71942909
-0.49350335
-2.1125767
-2.0151132
-1.0871091
-2.675163
-2.3213839
-1.2914516
-2.8587303
-1.2005943
-1.3385732
-0.14290667
0.12625766
-0.23725338
-1.5768928
-1.2175269
-1.100752
-0.76762709
-1.0023192
-0.97660777
-0.75757252
-0.53857006
-2.0693914
-2.0083976
-1.0743617
-2.6616998
-2.3723053
-1.2892598
-2.8264815
-1.1837761
-1.3197649
-0.12027304
0.16046012
-0.20678601
-1.494366
-1.1389724
-0.9308903
-0.75718565
-0.96177942
-0.91995136
-0.65271664
-0.43740902
-1.8780978
-1.9170499
-1.0428371
-2.5034258
-2.5942091
-1.2542016
-2.6945653
-1.2998959
-0.11361105
0.14490581
-0.27552503
-1.4787687
-1.1803798
-0.954401
-0.74235724
-0.94415029
-0.89960437
-0.638074
-0.4553998
-1.852174
-1.9275626
-1.0167807
-2.4955169
-2.3128666
-1.2347541
-1.0298396
-0.14153593
0.098598819
-0.26642916
-1.5687788
-1.1964689
-1.1000742
-0.82892499
-0.95121486
-1.0193734
-0.70807397
-0.4834806
-2.0776353
-1.9931045
-1.0626177
-2.7804311
-2.3047146
-1.2652441
-2.8440478
-1.1932433
-1.3604579
-0.14700041
-0.14124959
0.10591854
-0.25587121
-1.5591489
-1.2222034
-1.101808
-0.78110786
-0.93814017
-1.0189899
-0.72738758
-0.44703884
-2.1030379
-2.0112176
-1.027289
-2.7118707
-2.2482481
-1.2974191
-2.8251005
-1.3542828
-0.14170858
0.14026118
-0.25757638
-1.5557218
-1.2243627
-1.1443985
-0.76953062
-0.98125248
-1.0012349
-0.73849884
-0.55273923
-2.0993473
-2.0090577
-1.0952541
-2.7718309
-2.1910268
-1.199672
-2.7876306
-1.1682878
-1.3390358
-0.11603719
0.14589377
-0.20553626
-1.4709169
-1.1564343
-0.95412158
-0.75333761
-0.95475361
-0.92402374
-0.62803265
-0.39963005
-1.8737426
-1.9209568
-1.0195118
-2.5722561
-2.2348853
-1.2548531
-2.654152
-1.0299711
-0.12312809
0.14983007
-0.26207631
-1.4907737
-1.200261
-0.94637912
-0.75837138
-0.93313039
-0.92929315
-0.6935563
-0.48476482
-1.9165614
-1.9191397
-2.6198349
-2.1903168
-1.2367174
-2.6804604
-1.0002555
-0.40419569
0.011045462
0.25955158
-0.54602923
-0.5069828
-0.81058642
-0.63906614
0.54671834
-0.38371054
-0.91073371
-0.61147907
0.047323935
-0.32519074
0.78424717
-1.5171003
0.63794234
0.043570503
-0.22108105
-0.16285153
-0.10252579
-0.43002839
0.0017071156
0.25751566
-0.4888826
-0.55179161
-0.77918462
-0.69285227
0.55887934
-0.34945668
-0.8856983
-0.56019748
0.067495109
-0.340464
0.76976405
-1.509237
0.63193964
0.29580057
0.1933451
-0.09953328
-0.089606571
-0.48922967
0.016386725
0.21977659
-0.27593335
-0.36731918
-0.41758573
-0.13777265
-0.48484695
-0.96601321
-0.54002266
0.059659018
-0.16186695
1.1053068
-1.1192633
0.57682978
0.29801197
0.2817041
-0.15653362
-0.11471505
-0.52098225
-0.024555447
0.26613204
-0.22188649
-0.45073144
-0.37547558
-0.10193592
-0.46712969
-0.93118781
-0.52110727
0.027748767
-0.18666207
1.0495837
-1.1988519
0.12138271
-0.28774223
-0.16514166
-0.091880383
-0.35982179
0.0082571874
0.24028162
-0.53919777
-0.5392076
-0.7860366
-0.75196796
0.60560464
-0.3538039
-0.9268011
-0.44085374
0.044472769
-0.30152229
0.79244896
-1.5243995
0.64777168
0.094424621
0.18445398
-0.25732331
-0.1562763
-0.10365784
-0.45754368
-0.075253157
0.33584565
-0.5826742
-0.44497288
-0.79144136
-0.69630682
0.61699621
-0.36209531
-0.82141074
-0.5958441
0.076808918
0.40380885
0.82301552
-1.514667
0.66962094
0.17042675
-0.27776838
-0.22275845
-0.0014976302
-0.37927893
0.013482101
0.30608228
-0.60771598
-0.55427067
-0.76140579
-0.62455674
0.5820125
-0.32084196
-0.84397617
-0.57203907
0.08228023
-0.22542587
0.79022369
-1.5114769
0.70956149
0.21264766
0.15995495
-0.14808197
-0.1067772
-0.47710237
-0.012448457
0.25318349
-0.29711821
-0.39886432
-0.43042582
-0.02869992
-0.49115346
-0.95377417
-0.41632494
0.064304102
-0.15966497
1.0891315
-1.1766974
0.57262508
0.22896622
0.21852181
-0.15313085
-0.12938872
-0.54252076
0.027251093
0.30176039
-0.2183364
-0.44805551
-0.43160451
-0.034100249
-0.46970027
-0.99808345
-0.5424659
0.045947506
-0.14469868
1.0903211
-1.1319331
