1.0418668
1.281101
1.0180325
1.1646312
1.4645217
0.75317829
1.3052699
1.0080059
1.0149664
-0.12795979
0.89629401
0.37818417
-3.7513044
-0.25069884
-0.25020671
0.87842985
0.78373761
0.68355774
1.0970092
1.0888048
0.98719126
1.0888048
1.2258782
1.1200389
1.0795185
1.0350937
0.68138831
1.4384708
1.0249012
1.2040508
-0.47569967
1.0614566
0.3820152
-3.660933
-0.22589259
-0.4843788
0.95804904
0.96930144
0.68665582
1.0324397
1.1603034
1.1603034
1.3181386
1.0847894
1.0773833
1.1697701
0.72363002
1.4803107
1.1246434
1.0668671
-0.12054876
0.99951631
0.53074234
-3.4604925
-0.26428897
-0.46445913
0.86728207
0.98524169
0.70896867
1.0660576
0.98719126
1.0942298
1.2606578
1.1644326
1.0757674
0.66181762
1.459477
0.81951153
1.1875824
-0.42739344
1.0647461
0.36126049
-4.1950872
-0.26378314
-0.14795269
0.91300744
0.94513419
0.78155223
1.0726977
1.1602651
1.1602651
1.2490726
1.1693516
1.2644021
0.49208567
1.6528521
0.95096463
1.2537709
0.0019972695
1.0017269
0.78854459
-4.0081467
-0.060474276
-0.65432792
0.94271123
1.0523509
0.78480797
1.0740464
0.48891344
-0.4540096
0.37009971
-0.75965253
-0.97587827
-0.81670687
-4.0335662
-1.5502881
-1.2898935
-3.2708064
-1.1918531
0.36369706
0.34496099
-0.49725163
0.50022249
-0.012116484
0.004910525
-0.65225886
0.55080364
0.35572406
-0.51871769
0.25925923
-0.37997106
-1.6041844
-0.9926942
-3.8530685
-1.8471299
-1.6949005
-3.2945636
-1.2177593
0.27100954
-0.5829519
0.21881393
0.13106
0.094191023
-0.49752111
0.53504184
0.30998227
-0.5677461
0.23898989
-0.73656877
-1.3972526
-0.84556934
-3.4155007
-3.6246995
-1.5376865
-1.1621636
-2.8347751
-1.1789636
-0.11062167
0.31775473
-0.64025759
0.14255572
-0.15001776
-0.086982578
-0.36026798
0.40063186
0.44922383
-0.64914113
0.11234582
-0.74858415
-1.2718214
-0.99723857
-2.8022612
-3.7779443
-1.8985374
-1.6100144
-3.6474259
-0.40570037
0.043659471
0.27587274
-0.51366159
-0.00067774636
0.043041161
-0.59180395
0.49396571
0.46752564
-0.73606017
0.32236792
-0.51182368
-1.1510408
-0.61941018
-3.0454141
-1.9654622
-1.7907791
-3.6187655
-1.1825003
-0.039433534
0.14533458
-0.50365885
-0.0067959613
-0.011300104
0.064101237
0.26459868
0.17268602
0.53967941
0.3024038
-1.0291279
0.16142546
-0.69453481
-1.3166335
-0.88811717
-3.8346738
-1.4850097
-1.4563942
-2.7378713
-1.2778112
0.2451568
-0.47897282
0.11456248
0.051327575
0.008304773
-0.51594161
0.41764739
0.47786705
-0.55287243
0.33804003
-0.65629574
-1.422071
-0.92108051
-3.4995615
-3.95642
-1.7843522
-1.5151907
-3.6403093
-0.5774403
0.23963058
-0.34443994
0.08672657
0.0425781
0.32150243
-0.17001228
0.51276358
0.58606125
-0.53738222
0.40934879
-0.51457634
-0.92118343
-0.97263223
-3.442855
-3.1402494
-1.9954478
-1.4516503
-3.7672654
-1.0938968
0.12790682
0.13360431
-0.29699546
0.0081400424
0.050372272
0.2269639
-0.5350613
0.46728989
0.39495343
-0.70765955
0.24755909
-0.31684455
-1.1915113
-0.80081222
-3.1940343
-3.8214005
-1.5771044
-1.7373944
-2.9897105
-1.0862261
-0.18151609
0.092741184
-0.75245755
-1.4252168
-1.8391037
-1.6377109
-0.57304329
-2.6879009
-2.1000882
-2.6436417
-4.0336258
-3.1550641
-2.9825311
-2.8280188
-3.188045
-1.9414272
-1.4312405
-2.9589231
-1.6147732
-1.6147732
-2.2646889
-1.6872311
-1.5934755
-1.9923538
-1.5794083
-0.65985636
-1.9699621
-2.3078969
-2.3199176
-2.9579341
-3.9732232
-3.2804997
-2.5165717
-2.645046
-2.7338208
-1.9761633
-1.3806493
-2.9400854
-1.9775627
-1.9045669
-2.1221965
-1.4937093
-1.5619633
-1.4632079
-1.3266475
-0.83931493
-2.4637336
-2.6286117
-2.1494113
-2.6850648
-4.0347503
-3.5985924
-3.1756502
-2.7980735
-2.8015581
-1.898797
-1.7294047
-3.1524143
-1.2799607
-1.2799607
-2.1937941
-1.3859972
-1.53443
-1.5993645
-1.3248558
-0.62527595
-2.7133172
-2.4416464
-2.2255626
-3.0115166
-4.3864121
-3.5397349
-3.3939064
-2.5052202
-2.8248752
-2.0347266
-1.5013768
-2.3481992
-1.5493239
-1.4546562
-1.3205189
-1.5248887
-1.4304832
-1.7056351
-0.75205067
-2.3602625
-2.3815655
-1.8183879
-2.5139216
-3.8193878
-3.3721867
-3.1042107
-2.8081765
-2.8851719
-2.1306413
-1.2805361
-3.1803279
-1.5389827
-1.3400363
-1.5389827
-1.9372948
-1.284335
-1.702391
-1.8170094
-1.6845488
-0.60184703
-2.2379467
-2.8162051
-1.423842
-2.7890015
-4.1913803
-3.6939709
-3.4159056
-2.6925039
-2.9804921
-1.8735811
-1.2761262
-2.7350748
-1.8771484
-1.8771484
-1.8519155
-1.4881992
-1.418518
-1.7107795
-1.3556375
-0.91732707
-2.8855947
-2.8313971
-1.4480978
-2.9195249
-3.7321632
-3.2095273
-2.5488278
-2.7884264
-1.1860042
-1.8914056
-1.3317172
-2.9119408
-1.3400363
-1.8369301
-2.3141942
-1.5014714
-1.6654469
-2.1313619
-1.7251151
-0.77255889
-2.4030465
-1.9179598
-3.0291657
-3.9067437
-3.571475
-3.0095883
-3.1328379
-2.6765858
-1.7743937
-1.3631836
-2.6000513
-2.0153545
-2.0153545
-1.7272615
-1.3357383
-1.6894952
-1.9440574
-1.5023062
-0.52217004
-2.6596493
-2.4395073
-2.4012726
-2.9279552
-4.1954604
-3.2381099
-3.2883344
-2.3912381
-2.4433985
-1.3776212
-1.3682628
-2.5068425
0.059980125
-1.5179843
-1.1708057
-0.88919478
-0.97572048
-0.35729191
-0.82934267
-0.59606844
0.042435003
-2.7432104
-2.3877979
-0.9300151
-3.2356925
-3.2795156
-1.20387
-3.0586702
-0.97183019
-0.96635191
0.090889365
0.86072463
0.15272947
-1.2759871
-1.0945525
-0.82391332
-0.99801276
-0.6914268
-0.57596827
-0.80586461
0.030644984
-2.6404092
-2.4585208
-0.69381864
-3.6494799
-3.7515257
-1.1647534
-3.0128433
-1.0769938
-0.83716864
0.036839797
1.0282689
0.23058348
-1.3686213
-0.79419247
-0.64777174
-0.95316407
-0.59931796
-0.78653837
-0.45247018
-0.040272682
-2.3219171
-2.2019129
-0.88671087
-3.4323215
-3.1273959
-1.1361821
-3.2245436
-0.94135007
0.012652343
0.69486975
-0.039353741
-1.3259696
-1.1202126
-0.93567359
-0.5792736
-0.55395178
-0.69599041
-0.41109594
0.025004158
-2.5231916
-2.1765506
-0.86075354
-3.625663
-3.5093956
-1.0458405
-0.79585939
0.072766771
0.77796117
0.2029422
-1.3856727
-1.1485856
-0.97488256
-1.0088507
-0.56442353
-0.80744987
-0.64033518
-0.047941942
-2.3561963
-2.3721468
-0.81153617
-3.9501868
-3.6729972
-1.2466285
-2.8375516
-1.2019598
-1.1110691
0.097290211
0.16267843
0.80414871
0.23161335
-1.3536289
-1.1627518
-0.92870742
-0.9727624
-0.48753082
-0.80488926
-0.65120077
-0.0099931199
-2.5295711
-2.4220504
-0.72389216
-3.8573941
-3.2227697
-1.2998539
-3.0347674
-0.97636185
0.11593839
1.0011882
0.27578858
-1.2368148
-1.0870188
-1.0312034
-0.88863696
-0.62047116
-0.5754523
-0.72819714
-0.2507264
-2.6345397
-2.1063076
-0.98530781
-3.5696379
-3.0564105
-0.8594827
-2.9447979
-0.91110349
-0.9354063
0.084176284
0.90171593
0.15039366
-1.2789777
-1.1494983
-0.85567794
-0.90893203
-0.56526472
-0.92158014
-0.44061139
0.26682211
-2.2909193
-2.5566611
-0.63952389
-3.8727095
-3.0916626
-1.3624377
-2.8625091
-1.013614
-0.025048818
0.87895041
0.024712855
-1.3613982
-1.3295038
-0.82697231
-0.98132896
-0.65155666
-1.0295312
-0.79761325
-0.0057139538
-2.5875112
-2.4510579
-3.8920894
-3.5988066
-1.0439039
-2.894396
-0.87891453
-0.75809564
-1.1590753
-0.69077073
0.26598499
-1.3470317
-0.99594657
-1.3848302
-0.84740182
0.58155658
-0.93805448
-1.745427
-1.2137014
-0.61575137
-0.80295728
-0.055809489
-2.8720463
0.56982792
-0.33724613
-0.29475652
-0.47296006
-0.5866345
-1.2894234
-0.63417003
0.084107463
-0.98908315
-0.94786139
-1.5167024
-1.1339841
0.52480142
-1.2673837
-1.7617059
-0.87475827
-0.7719555
-0.8605704
-0.25181563
-2.3861594
0.49196354
0.39042349
-0.91244216
-0.43927154
-0.60713522
-1.2205561
-0.6431498
-0.23725127
-1.2108566
-0.83783093
-1.2568246
-1.4420448
-1.3119361
-1.793243
-1.0405979
-0.50438615
-0.66706959
0.096255464
-2.4459455
0.73473105
-0.019972761
-0.42710561
-0.44311145
-0.78872229
-1.6882527
-0.55965585
0.21590316
-0.9566339
-0.95604802
-1.3648184
-1.3436671
-1.3575664
-1.8849387
-0.96423094
-0.78762816
-0.59043839
-0.28351726
-2.6389446
-0.35986742
-0.67015411
-0.48330031
-0.91727315
-1.0669941
-0.78434115
0.020320908
-1.2603701
-0.92960131
-1.4146098
-1.3164874
0.68978105
-1.0356434
-1.812283
-0.96903287
-0.69091381
-0.62186408
-0.12683528
-2.5704752
0.55645439
-0.17986276
-0.10727884
-0.5797141
-0.61616732
-0.53045872
-1.4173692
-0.77864923
0.13007693
-1.0227862
-0.68075991
-1.5843474
-1.2396957
0.55319934
-0.89268406
-1.8444526
-1.1856023
-0.57791712
0.1550356
0.22104723
-2.5459424
0.6617549
-0.20827259
-0.73520758
-0.65161642
-0.63321242
-1.0945059
-0.51381982
0.077424111
-1.2390606
-0.96372205
-1.2250454
-0.84449686
0.61826198
-0.79191078
-1.7371012
-0.90986881
-0.54736043
-0.21509115
0.020009379
-2.6068383
0.73052904
-0.40533601
-1.1001187
-0.54631484
-0.56822577
-1.2910266
-0.53967837
-0.066138746
-1.0076442
-0.82521317
-1.5061789
-0.9703768
-1.2263421
-1.8856621
-1.0741213
-0.45279257
-0.62120844
-0.033900064
-2.6983021
0.67006365
-0.19625331
-0.68760891
-0.64604004
-0.73835338
-1.4211814
-0.47731248
0.14254125
-1.0099088
-1.0934939
-1.5080937
-0.71974336
-1.0972118
-2.0472571
-1.080583
-0.39389624
-0.75580206
-0.092823221
-2.5322444
