2.5642321
0.99598442
1.0969018
0.23772295
0.043453292
0.21814051
-0.094124716
-0.57232863
1.4958579
0.89529527
0.76466493
1.5345874
1.8955044
1.5116391
1.0291882
1.2450744
1.582499
0.90409016
0.92274453
1.9540743
0.99276115
0.99289302
0.99276115
1.1865185
0.25791059
0.082187986
0.21661491
-0.10193213
-0.6023458
1.401252
0.87417248
0.65725195
1.5498524
1.9195066
1.4918452
1.0605769
1.2272417
1.5938278
0.9071947
0.92993493
1.9257593
1.0172188
1.0172188
1.1985363
0.21694841
0.099353913
0.2108852
-0.088118742
-0.56146742
1.4899941
0.87661346
0.62584432
1.5634568
1.8813675
1.5041208
1.0504389
1.2489119
1.3789876
0.89650063
0.87034988
1.9609804
0.99289302
1.2607011
1.8438121
0.50509438
0.54598681
0.42355084
0.11600346
-0.624452
1.2922981
1.2132253
1.9250288
2.1752637
2.3345365
1.77084
1.568746
2.7889112
1.1622277
1.4462136
2.5105586
1.2835271
1.2835271
1.8113683
0.49960236
0.54575709
0.4054967
0.13967137
-0.64710172
1.6188957
1.285307
1.1870322
1.9238642
2.21486
2.2830155
1.7673504
1.5546678
2.774219
1.1537478
1.4996616
2.5443261
-2.060968
-1.338458
-2.0397867
-1.4063581
-0.1000049
-1.712042
1.3745982
-0.36644928
-0.4457738
1.3733711
-0.77401428
-1.0727074
-1.8959157
-1.6595745
-1.8626684
-2.2115792
-1.8609896
-1.1164955
-1.6092123
-2.052164
-1.3329568
-2.0441331
-1.3980562
-0.13194983
-1.7161583
1.3706371
-0.40274468
-0.43478591
1.3710411
-0.75823593
-1.8983135
-1.6799912
-1.8361468
-2.0214549
-1.6363618
-1.1697533
-1.4967151
-2.1138395
-0.99302377
-2.0108848
-1.0804948
0.19811757
-1.5814078
2.5160629
1.8218145
-0.17954468
-0.24250893
2.3910664
-1.027062
-0.76917288
-1.8002812
-1.4995465
-1.6683753
-2.0215896
-1.6324775
-1.1511455
-1.5066831
-2.1193813
-0.98558689
-2.0153304
-1.0577716
0.20170415
-1.6030136
2.4199172
1.7642931
-0.12895254
-0.24214576
2.4092256
-1.0740023
-0.77755597
-1.8031447
-1.5252829
-2.1887363
-1.8387776
-1.1256476
-1.6084704
-2.0681667
-1.3428137
-2.0420106
-1.3890697
-0.11916391
-1.6437365
1.6318987
-0.44769113
-0.4372618
1.3846452
-0.77893308
-1.0125566
-1.8947067
-1.6850153
-1.8256302
-2.1821483
-2.2150807
-1.860843
-1.1635023
-1.6014087
-2.0517089
-1.338774
-2.035128
-1.3925274
-0.13700853
-1.6575393
1.3298095
-0.36803417
-0.36024636
1.3935297
-0.79452142
-1.897593
-1.6870534
-1.8345758
-2.2013928
-1.859995
-1.128325
-1.5932391
-2.0658955
-1.3382022
-2.0374601
-1.3983673
-0.12602591
-1.722204
1.6064864
1.3394132
-0.39479454
-0.35989665
1.3969772
-0.86152644
-1.8946314
-1.68862
-1.8355411
-1.9985519
-1.6429399
-1.1737081
-1.495869
-2.1318272
-0.98084822
-2.0117056
-1.0634522
0.19663
-1.5385732
2.5234335
1.7285626
-0.19150194
-0.24716254
2.4391755
-1.0250954
-0.77768667
-1.7965045
-1.5206426
-1.6512533
-2.0152005
-1.6381788
-1.1715568
-1.5030488
-2.1115931
-0.98093962
-2.0152592
-1.0633294
0.1827486
-1.6019554
2.4729904
1.7615143
-0.1009311
-0.24598698
2.4566379
-1.0217865
-0.76671436
-1.7929156
-1.5368733
-1.0500717
-0.9812314
-1.4773904
-1.3286243
-1.3313382
-1.6243211
-1.7580289
0.1056321
-0.2945802
-1.2255202
0.5426038
1.3847962
-0.98048405
0.6513945
-0.95638439
-0.90305484
-2.1603239
-2.4804933
-2.0688843
-0.71544017
-1.0471458
-0.97943837
-1.493135
-1.3170584
-1.3420141
-1.615212
-1.7482034
0.14064596
-0.30197555
-1.2242638
0.50743359
1.3914702
-0.97988628
0.63320908
-0.95794643
-0.90658915
-2.1283748
-2.4294783
-2.0477774
-0.63512208
-1.0205134
-0.772404
-1.4757398
-1.2796121
-1.2375835
-1.5692971
-1.7330153
0.38556324
-0.1929404
-1.1734745
0.75915362
0.86082688
-0.96740796
0.85971143
-0.88285162
-2.1348314
-2.4427349
-2.0523196
-0.64532707
-1.0059743
-0.7827974
-1.4842901
-1.2959142
-1.2434815
-1.5859151
-1.719513
0.37166274
-0.18476534
-1.1701723
0.73768681
1.5644877
-0.97252864
-0.80809426
-2.1714185
-2.4689953
-2.0692013
-0.72286419
-1.0720652
-0.98481729
-1.4636838
-1.3248599
-1.3322787
-1.6203245
-1.7687321
0.13030752
-0.29435774
-1.2209004
0.57109584
1.3313187
-0.99407405
0.6514206
-0.9554582
-0.89279983
-2.152021
-2.1630941
-2.4766364
-2.0767581
-0.71639303
-1.0448407
-0.98158148
-1.4900999
-1.3198729
-1.3432353
-1.624788
-1.7716171
0.12922189
-0.30165746
-1.225105
0.53942715
1.3173307
-0.97946343
0.61436765
-0.89989482
-2.1613651
-2.4889767
-2.0760244
-0.7348287
-1.0490324
-0.97020547
-1.4892855
-1.3188481
-1.3542699
-1.6307606
-1.7538903
0.1252781
-0.27956181
-1.2114116
0.5728269
1.3094273
-1.0157853
0.61035213
-0.96697055
-0.8921491
-2.145248
-2.4331121
-2.060909
-0.64753904
-1.0251315
-0.76980928
-1.4787939
-1.2889167
-1.2421599
-1.5826739
-1.7361414
0.36890554
-0.18257444
-1.1801017
0.78944699
1.5384069
-0.97706239
0.8560319
-0.80215309
-2.1446501
-2.4384087
-2.0423752
-0.63382692
-0.99716944
-0.77935632
-1.4721481
-1.2926888
-1.241049
-1.5635942
-1.7149226
0.37603249
-0.18334194
0.81202181
1.4882508
-0.97263252
0.86676665
-0.81587756
-1.0529928
-1.64706
-2.5730211
-1.4939668
-1.9755994
-0.39033224
-1.6497682
-1.1592612
2.0832362
0.82894399
0.6069448
-1.3158771
-1.6901966
-0.98897324
-1.6008821
-1.9952341
-1.9952341
-1.9655599
-1.4793745
-2.066185
-1.083837
-1.6309912
-2.5740555
-1.4514081
-1.9800885
-0.43482282
-1.6401208
-1.1493391
2.0503852
0.8285059
0.60096226
-1.3138641
-1.7031487
-0.96325886
-1.6066275
-2.0148243
-1.720611
-2.2623051
-1.8500252
-1.0616772
-1.4868667
-2.5868096
-1.5526929
-1.7267214
-0.078834814
-1.6178849
-0.92498218
3.4285117
1.7357545
1.3072564
-1.4753034
-1.4509134
-1.438999
-1.3365838
-1.7046623
-1.7046623
-2.27437
-1.8264992
-1.0507785
-1.4725544
-2.5936462
-1.5599368
-1.7451371
-0.11918285
-1.6192136
-0.96942255
3.3703446
1.7200903
1.296607
-1.4928568
-1.4416524
-1.4635253
-1.3231031
-1.9957959
-1.9885569
-1.5142065
-2.0385338
-1.1206517
-1.6450962
-2.5905741
-1.469025
-1.9846462
-0.42979371
-1.6672721
-1.1874716
2.0865059
0.80460014
0.58077282
-1.3099202
-1.711175
-0.96146604
-1.60969
-1.9802927
-1.9969095
-1.9802927
-1.959528
-1.4700728
-2.0627244
-1.0717885
-1.6587254
-2.5848587
-1.4744494
-1.9796863
-0.42196582
-1.6664191
-1.1785932
2.0722837
0.80802768
0.62347544
-1.3067698
-1.6988939
-0.99619011
-1.5965747
-2.0057837
-2.0057837
-1.9776377
-1.4603398
-2.0745159
-1.0490825
-1.6502801
-2.5784766
-1.4617126
-1.9716459
-0.38877074
-1.6088431
-1.1781619
2.0854377
0.81011921
0.57400607
-1.3332456
-1.7453486
-1.0124065
-1.5878902
-1.9969095
-1.7178275
-2.2576523
-1.8312789
-1.0622926
-1.4826142
-2.5980694
-1.5385334
-1.7949999
-0.080860789
-1.6428891
-0.93242143
3.3648625
1.7302261
1.271731
-1.4981528
-1.4356683
-1.4420083
-1.3479005
-0.55404736
-0.55404736
-2.2656111
-1.8627485
-1.0617193
-1.4497725
-2.6110095
-1.5560581
-1.7915709
-0.094557126
-1.6398622
-0.95543922
3.3392237
1.7419087
1.3406749
-1.4897067
-1.4529885
-1.4314228
-1.3496811
0.61449709
-0.51709765
-1.0755803
-0.10803569
-0.2022453
0.14456413
0.16401923
-1.7414941
-0.25102221
0.83084341
-0.48145322
0.21161354
-0.39354372
0.76422458
1.0929763
-1.5651692
-1.0239909
-0.21250905
-0.31976175
-0.44758351
0.62067845
-0.50354857
-1.0695417
-0.1275317
-0.17370612
0.14221749
0.16443795
-1.7339161
-0.28416083
0.83919099
-0.50478336
0.21245098
-0.36672751
0.75012189
1.0944766
-1.5836622
-0.8532932
0.39676602
-0.32894302
-0.45753456
0.55410653
-0.56521198
-1.0618652
0.20052043
-0.10948046
0.66177334
0.89935601
-0.40434075
0.70150264
-0.4118414
0.18263242
-0.17404585
1.047429
1.4696589
-1.6726893
-0.873079
0.38993073
-0.3109659
-0.45307379
0.57012195
-0.5459962
-1.0697819
0.17210478
-0.078618282
0.62728454
0.92280597
-0.40422824
0.65996785
-0.40284915
0.17958248
-0.16213085
1.0735307
1.5010492
-1.0621308
-0.21357454
-0.3323784
-0.46602698
0.60768499
-0.52238239
-1.0781282
-0.11909592
-0.18830628
0.13112137
0.19862551
-1.7490708
-0.28778472
0.84297756
-0.57633291
0.24070632
-0.41974555
0.7076396
1.1227133
-1.5739054
-1.0465547
-1.0931502
-0.20303664
-0.32150373
-0.41869451
0.62674346
-0.4498092
-1.136568
-0.10770365
-0.21504105
0.15146575
0.18376176
-1.7885101
-0.26223214
0.84068101
-0.4804146
0.22172595
-0.49703244
0.73294644
1.0918594
-1.5803044
-1.0778545
-0.20197481
-0.29471597
-0.51905468
0.6347761
-0.50973915
-1.1321752
-0.10869784
-0.18448356
0.14114634
0.15651019
-1.7571964
-0.29082774
0.86323233
-0.50435528
0.22240643
-0.42420891
0.74430888
1.0921756
-1.5944076
-0.86704391
0.42902749
-0.33141875
-0.45542322
0.54190933
-0.56629725
-1.0700244
0.19632359
-0.097792527
0.66634186
0.9151484
-0.39605399
0.66863399
-0.5021019
0.19818018
-0.17298369
1.0958293
1.4951958
-1.6746628
-0.87393273
0.39776924
-0.32759575
-0.42920109
0.57774315
-0.56100251
-1.1225507
0.19081557
-0.094187863
0.63819732
0.90834205
-0.39674386
0.6899822
-0.40044003
0.20010875
-0.18663805
1.1086161
1.4912683
