0.95731
0.36139338
0.33129868
-0.39597444
0.30216877
1.2524487
0.70185066
1.4191973
0.26160082
1.0221178
-0.55995779
0.72175594
0.36203469
0.80496999
0.24307194
-0.836579
0.45772737
0.99705689
0.46261227
0.95221298
0.8993936
0.43983687
0.5042395
-0.41127113
0.17456774
1.1590037
0.49325472
1.1351297
0.37020239
1.0356186
1.0716648
0.79968568
0.41898382
0.91991522
0.20054492
0.62843832
1.0544478
0.52743706
0.89157576
0.43016928
0.37233298
-0.43945822
0.26625542
1.3802892
0.73999112
1.0953077
0.22790233
1.2359245
-0.55804005
1.0478195
0.73136067
0.4308683
0.7964143
0.31876745
0.43869399
1.0771739
0.44895817
0.95259426
0.47553241
0.45672313
-0.35423722
0.36364649
1.3052945
0.74076465
1.1494238
0.29238459
1.0444536
-0.52664817
1.200194
0.74159357
0.473757
0.80689045
0.2905572
-0.89837621
0.42867823
1.0965887
0.45912181
0.98991568
0.44503564
0.41414618
-0.42068113
0.14953271
1.2454372
0.60236864
1.075362
0.31114748
1.2507018
-0.6201302
1.0321923
0.85985477
0.45299261
0.87728656
0.20381343
-0.87066318
0.46589673
0.79674264
-0.77995496
-0.85912007
-0.82918072
-0.65442122
-2.0922355
-2.1469621
-2.1626413
-1.0852615
-2.0351718
-1.3841492
-2.8022955
-2.8628961
-1.6151945
-1.7096694
-0.63752264
-0.99478252
-0.99478252
-2.0433174
-1.1496475
-0.77525251
-0.96025455
-0.80315832
-0.58087811
-2.1423883
-2.1661634
-2.1083177
-2.0859087
-1.0897479
-2.0230251
-1.4053791
-2.8372501
-2.976565
-1.6121253
-1.6663862
-0.69474923
-1
-0.98882171
-2.0925149
-1.1906988
-0.81734194
-0.98644237
-0.829392
-0.52174398
-2.2146174
-1.9691907
-2.1071023
-2.0532926
-1.0455426
-1.9971794
-1.3067009
-2.8279833
-3.0898975
-1.6082529
-1.598697
-0.68214855
-1.1017869
-1.1017869
-2.0536904
-1.2474566
-0.89325856
-0.99159771
-0.8312578
-0.54826913
-2.1512177
-2.1845965
-2.2052478
-2.1500764
-1.0263642
-1.9672065
-1.3082236
-2.8697538
-3.0803455
-1.5948928
-1.6567288
-0.76561753
-1.0162745
-2.2602682
-1.1995557
-0.83053987
-0.95075651
-0.82761688
-0.46965319
-2.2253757
-2.144606
-2.2088941
-1.9880884
-1.0664831
-2.0605927
-1.3765348
-2.8637266
-2.9917405
-1.6080009
-1.6096011
-0.61765742
-0.99086177
-0.96960547
-0.99086177
-2.0435673
-1.1448757
-0.8279479
-0.90134431
-0.82643899
-0.50820236
-2.2875103
-1.85826
-2.4937102
-2.1244661
-1.005105
-1.8987109
-1.3278456
-2.8477458
-2.9625105
-1.6217004
-1.623188
-0.71372107
-0.95728693
-0.95728693
-2.0670223
-1.159879
-0.83390135
-0.913346
-0.88269851
-0.5272091
-2.1836204
-1.8653134
-2.4850739
-2.0891677
-1.0914642
-1.9723774
-1.4487399
-2.8115333
-3.2424221
-1.603488
-1.6750432
-0.62317392
-0.96960547
-0.99469376
-2.0581097
-1.2742465
-0.84129538
-0.95226349
-0.78719583
-0.53292939
-2.2073105
-2.2200423
-2.0699266
-1.0563201
-2.0052174
-1.3273784
-2.7933778
-3.1089805
-1.6253224
-1.7176583
-0.6772199
-0.90797006
-0.90797006
-2.1004596
-1.2556019
-0.85058117
-0.94682504
-0.8164009
-0.54582385
-1.9883056
-2.1453863
-2.1714245
-2.0837186
-1.051993
-2.0663802
-1.2631671
-2.8768359
-3.1354832
-1.6393396
-1.7267569
-0.74582378
-0.029137213
-1.2861406
-0.48604544
-1.2228825
0.7439212
-0.80424533
-0.33550155
0.31131163
-1.3191418
-0.46544478
0.11176324
-0.56531296
0.66059422
0.10453594
-0.2649678
-1.4244319
-0.96410175
-1.8406462
0.77644304
-0.98572475
-0.058563189
-1.3220498
-0.49504303
-1.2166326
0.68493522
-0.78826405
-0.30564645
0.30602052
-1.2700629
-0.60395961
0.14293764
-0.57899261
0.72289368
0.13085177
-0.34112365
-1.414938
-0.95174182
-1.8490164
0.79827444
-0.96971447
0.022437659
-1.3055374
-0.53623392
-1.2841838
0.68311487
-0.79920461
-0.35707103
0.39490484
-1.2130009
-0.61400818
0.12510074
-0.65651701
0.53634644
0.25782316
-0.27306408
-1.4542592
-1.8378566
0.73465534
-0.95495621
-0.049911545
-1.2887293
-0.4844721
-1.2347822
0.64067541
-0.80409286
-0.30691975
0.34579272
-1.2627472
-0.57122271
0.12960005
-0.64746653
0.69084609
0.037050216
-0.26445385
-0.93128184
0.68591453
-1.027618
-0.0075675058
-1.3396592
-0.47749447
-1.2523227
0.74654173
-0.80855083
-0.33857016
0.33796645
-1.084379
-0.63016335
0.11319984
-0.62828231
0.68616802
0.12626997
-0.24734133
-1.4229826
-0.91295011
-1.8081378
0.79650519
0.67310625
-1.000528
0.019078936
-1.3250618
-0.51797428
-1.2178563
0.72133641
-0.79930824
-0.32132807
0.33712643
-1.219326
-0.5116964
0.092699742
-0.61642466
0.66652514
0.12528629
-0.28557168
-1.3750839
-1.8208819
0.70052543
-0.97572451
0.00018045864
-1.3279288
-0.46774672
-1.1966193
0.75799277
-0.81780019
-0.31983499
0.28987846
-1.2430183
-0.62691265
0.13658173
-0.62799543
0.65147133
0.13133233
-0.27966794
-1.4020293
-1.0085729
-1.8291181
0.75349255
-0.98394622
-0.02515531
-1.3263462
-0.47539704
-1.253235
0.7649576
-0.82129598
-0.35080124
0.35283931
-1.307514
-0.58758791
0.12638096
-0.66419522
0.639544
-0.025647868
-0.27392203
-1.4774707
-0.90566877
0.74487689
-0.98355484
-0.071601272
-1.3320932
-0.48137935
-1.2573047
0.70308403
-0.83528555
-0.31521797
0.33260292
-1.2428819
-0.57492933
0.14982036
0.64303077
0.054171482
-0.30307533
-1.5020095
-0.93687746
0.30700615
-1.0688881
-0.11536994
-0.19917283
-0.62234884
-0.40543552
-0.016774195
-0.49483302
-0.43445304
1.0988607
-0.73810583
-0.5581457
-0.50583114
-0.10972608
-0.031849855
-0.5068754
0.14232183
0.14232183
0.065435486
-0.013389092
0.3841606
-1.0092046
-0.15723696
-0.23436278
-0.68303704
-0.30448441
0.043093484
-0.439355
-0.44722155
1.1983729
-0.62579666
-0.49611386
-0.54007951
-0.036299342
-0.022301312
-0.46887196
0.1991647
0.15606366
0.046526744
0.28633649
-1.016823
-0.19674379
-0.22820422
-0.6618468
-0.42228973
-0.064017383
-0.44754864
-0.47588004
1.1119647
-0.64279235
-0.5107161
-0.5476925
-0.081634412
0.067376492
-0.37135788
0.13883855
0.13883855
0.090444488
0.31052018
-1.0295701
-0.18891573
-0.18030734
-0.48661089
-0.33099533
0.082360879
-0.41304178
-0.40306329
1.0804012
-0.71627984
-0.51681822
-0.51127249
-0.027851613
0.079479145
-0.4986255
0.12269002
0.075822125
-0.14922218
0.37033227
-1.1558032
-0.11518513
-0.23744012
-0.66078603
-0.34018591
0.12201425
-0.47437947
-0.37291129
1.1347182
-0.66489537
-0.57771714
-0.54281138
-0.10302312
-0.033476397
-0.52874871
0.15858933
0.10478221
0.15858933
0.077217608
-0.035809418
0.31469529
-1.0815081
-0.16075608
-0.14998673
-0.62502769
-0.29617397
0.022935721
-0.43388093
-0.43111347
1.1662845
-0.69442053
-0.50752257
-0.5527777
-0.16803356
-0.025795312
-0.46908306
0.17622374
0.17622374
0.15476145
-0.064639969
0.31789449
-1.0889598
-0.11106215
-0.15852068
-0.54474406
-0.35280368
0.075351191
-0.46313102
-0.34213398
1.1455136
-0.66918695
-0.54577272
-0.56634394
-0.0026598414
-0.055951065
-0.49101797
0.10478221
0.22409833
0.12996766
0.38220454
-1.0834661
-0.081365943
-0.25076505
-0.62513419
-0.27343681
0.094839724
-0.37568284
-0.37158849
1.0466893
-0.66427942
-0.50525734
-0.56073069
-0.07124073
0.034258048
-0.49422285
-0.12439504
-0.12439504
0.12584423
0.35982798
-1.0194071
-0.22528394
-0.1145754
-0.55734956
-0.21167257
0.037472139
-0.41144342
-0.4078076
1.1936771
-0.68295199
-0.47600053
-0.57757994
-0.10321836
0.032339554
-0.47762732
0.23823252
-0.64375451
-0.097584357
-0.080051779
-0.2072492
-0.64801092
-0.51076516
-0.83820935
0.088351189
0.18490358
-0.36723595
-0.050251035
-0.3714417
-0.53259143
-0.67411466
0.28828113
0.036345719
0.13504169
-0.14376695
-0.69655655
0.30219259
-0.75621446
-0.040659473
-0.032184298
-0.28249023
-0.52921336
-0.43160729
-0.82527985
0.0405337
0.24220207
-0.20698773
0.01200894
-0.42523683
-0.53446859
-0.63896626
0.2163186
0.024433039
0.46084719
-0.11584949
-0.51996392
0.29794967
-0.59336207
0.016653964
-0.10677145
-0.25632753
-0.57984824
-0.49278444
-0.75227107
0.21348575
-0.27804007
0.14083515
-0.46429262
-0.52309734
-0.66395362
0.31991755
0.20615458
0.15149446
-0.073558286
-0.60302778
0.25252672
-0.61593656
-0.10043178
-0.095139259
-0.20894104
-0.68394092
-0.4234701
-0.86046142
0.2718883
-0.33392034
0.043308952
-0.46493893
-0.47586119
-0.65674777
0.24160486
0.074373533
-0.087729576
-0.59718055
0.28107111
-0.57876509
0.053317114
-0.16428125
-0.3244179
-0.62137263
-0.45761813
-0.75348925
0.2132458
0.21190145
-0.29779648
-0.018161639
-0.45945405
-0.46135212
-0.62365675
0.29965789
0.046949936
0.11867929
0.23781806
-0.17934845
-0.69847481
0.37080283
-0.61876187
-0.05829955
-0.1048389
-0.2782895
-0.56706004
-0.44636822
-0.89348387
0.094304076
0.18010621
-0.34060954
-0.018033896
-0.43033676
-0.66700727
-0.57302108
0.28338076
0.1891622
0.1565153
-0.18018704
-0.72157604
0.36278977
-0.73741798
-0.021150447
-0.15072722
-0.31577966
-0.67813432
-0.32466503
-0.76598458
0.031301733
0.26092092
-0.23881445
-0.057392084
-0.41513011
-0.48156702
-0.59653977
0.24719489
0.17914582
0.16091821
-0.27776022
-0.60985157
0.42217298
-0.63176166
0.034621027
-0.10758062
-0.22467707
-0.59085408
-0.4622116
-0.86714322
0.25453115
-0.20191011
0.028900089
-0.41019421
-0.49079467
-0.63719645
0.32465552
0.10061401
0.14299409
-0.1126572
-0.61321848
0.23413979
-0.58757368
0.0021188683
-0.14320539
-0.34111039
-0.48538675
-0.44242805
-0.74770239
0.31274351
-0.2692208
0.087940389
-0.42448291
-0.48335409
-0.69184614
0.25758331
