0.45717651
1.2604101
0.40104659
0.28174109
0.32417453
0.39941165
-0.49216296
1.8553814
1.7928086
1.4739217
1.8014393
2.0649175
2.4232305
1.7473546
2.5658655
2.7257329
1.2409654
0.70774126
1.3017325
0.43016507
0.31519956
0.43016507
1.4412353
0.34777662
0.39210221
0.52355589
0.39338735
-0.55940211
1.7846645
1.8751441
1.3718831
2.0615587
2.2602954
2.524494
1.9151684
2.4813748
2.7674827
1.0820791
0.70670394
1.0741377
0.62733692
0.62733692
1.4063373
0.47405101
0.23232597
0.46948408
0.22202768
-0.36141796
2.1455237
1.8853456
1.3836977
2.1196347
2.0214131
2.2683857
1.4593938
2.5257705
1.7776007
1.0873855
0.7626522
1.1497116
0.31519956
0.61700642
1.6775667
0.56066362
0.37941221
0.74658948
0.39485766
-0.4486047
1.8452202
1.5339586
2.1730883
2.1063785
2.5136565
1.6705414
2.7284805
2.6748525
1.0215926
0.80782643
0.99266911
0.68314723
0.68314723
1.3546371
0.46402252
0.39680186
0.63913471
0.2806305
-0.59237253
1.8755063
1.8269904
1.8058414
2.1219712
2.2768678
2.3432537
1.7836818
2.3174659
2.5485226
0.7968612
0.81000138
0.97692644
-1.8430595
-1.8460607
-1.9991614
-1.4513677
-0.77803752
-1.5039449
0.81731928
-0.69071329
-0.63980359
0.43069797
-0.64965242
-0.90025952
-1.9303343
-1.5018516
-1.9871496
-1.9048959
-1.5782075
-1.1205514
-1.455613
-1.7466125
-1.7117236
-1.8749218
-1.6590832
-0.33419778
-1.4356651
0.71842556
-0.53551391
-0.37080864
0.46112205
-0.63408111
-1.8333399
-1.5114164
-1.7567213
-2.0586132
-1.626257
-1.2277148
-1.4095513
-1.7491833
-1.7122291
-1.8952457
-1.4660695
-0.46707801
-1.4840575
1.5007684
0.56224098
-0.73859325
-0.75666994
0.23819253
-0.65055142
-0.66863269
-1.9227956
-1.3854278
-1.7106076
-1.8188113
-1.5110068
-1.3340127
-1.3462368
-1.8300987
-1.5902902
-1.8382193
-1.3554717
-0.60498225
-1.4596352
1.2156758
0.66962755
-0.48797554
-0.46421244
0.75874658
-1.1492422
-0.78085134
-1.883397
-1.5779522
-1.9496881
-1.6043912
-1.1226009
-1.4182182
-1.8567446
-1.5361269
-1.9816929
-1.7105079
-0.62491378
-1.5587668
1.2816288
-0.43722298
-0.32856102
0.73405302
-0.6749989
-0.71948221
-1.7267224
-1.581812
-1.6177658
-1.9424092
-1.9668913
-1.7666604
-1.6404896
-1.4374201
-1.6965291
-1.3246437
-1.7991367
-1.4881946
-0.5971315
-1.407723
0.70304999
-0.75121999
-0.54364247
0.17271265
-0.60375273
-1.8541315
-1.624138
-1.7068676
-1.9611322
-1.6149571
-1.1873843
-1.3571546
-1.8337539
-1.6950468
-2.0011277
-1.4929603
-0.45364107
-1.4744268
1.5501258
0.78123833
-0.54537969
-0.5255816
0.74540121
-1.0764925
-1.773232
-1.7031842
-1.6568694
-1.9748197
-1.8150941
-1.4258805
-1.4478565
-1.9409769
-1.6657801
-2.0393809
-1.5982879
-0.78263667
-1.3630461
1.4881702
0.24337587
-0.42759625
-0.56851316
0.83159518
-0.74230749
-0.78612848
-1.7104852
-1.7383171
-1.6163898
-1.9964992
-1.7479924
-1.2049226
-1.3906783
-1.7420466
-1.5446345
-1.8909781
-1.6795886
-0.6450896
-1.5533381
1.3949079
0.71042864
-0.71934963
-0.40091892
0.34188184
-0.71736218
-0.61954471
-1.7005971
-1.3533548
-1.3982991
0.56841268
-0.21813292
0.08951125
-1.1406424
-0.53863221
-0.55798243
-1.1425376
-0.52031489
0.85776779
0.25692247
-0.33632877
0.54719784
0.92110725
-0.32501323
1.7529372
-0.033475511
0.56336585
-1.9067114
-1.3490414
-1.4440206
0.43537534
-0.2583375
0.044991291
-1.1046669
-0.35272982
-0.71751053
-1.019178
-0.54098387
0.88496317
0.28051464
-0.46978477
0.76756231
1.1931808
-0.31101206
1.719784
0.029466842
0.48953037
-1.8859876
-1.4570302
-1.5255915
0.48156873
-0.41762713
-0.024583046
-1.1294436
-0.39225463
-0.57188052
-1.2592489
-0.52628342
0.70201651
0.13502738
-0.30046611
0.7202215
0.71794589
-0.36098845
1.8761064
0.54898576
-1.8461215
-1.2686889
-1.3391337
0.44670936
-0.25105964
0.11993665
-1.3309819
-0.42118845
-0.65104725
-1.2637405
-0.53644647
0.79809942
0.12343883
-0.32147454
0.76858504
1.1148503
-0.41448667
-0.14863917
-1.8602596
-1.2723009
-1.5001409
0.51806842
-0.24203183
0.1578268
-1.121114
-0.41899364
-0.56706947
-1.1279445
-0.60866021
0.72943517
0.24752149
-0.36562678
0.95493575
1.1415928
-0.30550666
1.6118126
0.083013075
0.6299499
-1.918058
-1.9059841
-1.304438
-1.524242
0.4907412
-0.20761264
0.11292714
-1.1308705
-0.46191753
-0.57901294
-1.1226627
-0.53633859
0.76756773
0.28412944
-0.43138203
0.90862427
0.88091844
-0.26151515
1.702127
0.55678663
-1.8891825
-1.4363958
-1.5445394
0.41503403
-0.27263594
0.16250042
-1.1981027
-0.3766669
-0.71262057
-1.0582026
-0.38584766
0.89244032
0.078313934
-0.26166056
0.73900211
0.78247241
-0.51973461
1.6619615
-0.041066693
0.54007889
-1.8993674
-1.3731012
-1.4617848
0.43790178
-0.23845187
0.08834726
-1.1907739
-0.3999609
-0.49774973
-1.2561684
-0.6574594
0.67136147
0.34662906
-0.44673372
0.93582941
0.89362564
-0.22877058
1.6616836
-0.031274624
-1.8314244
-1.36205
-1.3648138
0.49407427
-0.1290619
0.071060779
-1.117932
-0.34456424
-0.44994283
-1.0305828
-0.52944011
0.83259472
0.26737645
0.93473772
1.1628578
-0.40108884
1.6993917
-0.091137489
-2.3940857
-1.389326
-1.7529842
-2.2867778
-1.6412062
-1.9252461
-1.1591187
-1.7489639
-1.3262721
0.73293796
-0.72206925
-0.73561394
-1.6125045
-1.9523363
-1.8190818
-1.7258935
-2.183444
-2.183444
-2.2525406
-2.1736387
-2.4152765
-1.4420922
-1.505482
-2.2520249
-1.5605553
-1.9034155
-1.2167743
-1.7917409
-1.3721675
0.63882307
-0.67856115
-0.59134812
-1.6631121
-2.0737573
-1.8736538
-1.7985723
-2.2776133
-2.2231548
-2.3264452
-2.3198169
-1.4444667
-1.714334
-2.2783019
-1.6478452
-1.8982657
-1.1119229
-1.724829
-1.4043062
0.91073226
-0.73429619
-0.76157991
-1.533727
-1.9723534
-1.8675284
-1.8599766
-2.1258704
-2.1258704
-2.3576015
-2.3717775
-1.4271988
-1.6574737
-2.309307
-1.7561752
-1.8866996
-1.0915221
-1.7312105
-1.514914
0.96554003
-0.59867014
-0.60307461
-1.672238
-2.020594
-1.9373709
-1.7896191
-2.1775142
-2.3337132
-2.0021057
-2.3980883
-1.5882392
-1.7642529
-2.188913
-1.6282042
-1.8652147
-1.255263
-1.6816147
-1.3746098
0.64818552
-0.66352576
-0.7386002
-1.5889309
-1.8620992
-1.8128193
-1.7868129
-2.222482
-2.1444292
-2.222482
-2.3044046
-2.1175027
-2.3250039
-1.3662474
-1.7078239
-2.304265
-1.6607498
-1.9911982
-1.0111258
-1.7901371
-1.330667
0.58994974
-0.6670195
-0.62808015
-1.6265288
-1.9426203
-1.8211626
-1.7763253
-2.2729845
-2.2729845
-2.3896643
-2.0764008
-2.3349101
-1.43981
-1.7494312
-2.3249269
-1.7494132
-1.8861847
-1.2397306
-1.736227
-1.469367
0.48228513
-0.64932768
-0.63074034
-1.5686045
-2.0271386
-1.8247155
-1.7833425
-2.1444292
-2.2638569
-2.3483365
-2.4051503
-1.3968283
-1.7301108
-2.2692501
-1.5496271
-1.9991346
-1.0793029
-1.8220435
-1.3631302
0.95274303
-0.65723369
-0.8351723
-1.6002716
-1.9777119
-1.8963198
-1.7852196
-2.0473841
-2.0473841
-2.3396847
-2.4038348
-1.5319177
-1.5612822
-2.4372771
-1.6587056
-2.0605748
-1.2908586
-1.7635898
-1.5769008
0.76054847
-0.76909457
-0.54958536
-1.6098938
-2.0275284
-1.892123
-1.7987302
-0.96440423
-0.040797612
-0.7947015
-1.4262646
-0.24089418
-0.20112968
-0.0053825006
-0.10899899
-1.8240655
-0.76913847
0.16599273
-0.45871088
-0.61481047
-0.42332133
-0.81625879
0.51035907
-1.7724081
-1.2060884
-0.9507413
-0.54477379
-1.0800681
0.095288413
-0.8556287
-1.3457586
-0.4190115
-0.27462908
0.041614358
0.053248433
-1.7629346
-0.60332079
0.078126594
-0.67469254
-0.50099739
-0.38733655
-0.71693419
0.25473614
-1.723381
-1.7669746
-0.59774791
-0.63221333
-1.0708612
-0.010639526
-0.8725966
-1.1183685
-0.29983967
-0.31249255
-0.082902126
0.19206083
-0.56584701
0.15787156
-0.64363916
-0.64087032
-0.50300535
-0.918605
0.24235604
-1.9503676
-1.3954911
-0.89604782
-0.59201809
-0.95014945
0.27753317
-0.87536666
-1.3910753
-0.4924757
-0.19242572
-0.056155818
0.20057772
-0.57011863
0.24118667
-0.64620025
-0.47658899
-0.56951415
-0.69905358
0.39519503
-1.1593643
-0.7616488
-0.57345034
-0.88616852
-0.12031789
-0.81887143
-1.2533368
-0.24172655
-0.24513942
-0.0045072375
0.12504753
-1.9397878
-0.7285208
0.17591388
-0.61625873
-0.53227484
-0.56454464
-0.80966038
0.33118538
-1.7702208
-1.2781328
-1.3724342
-0.76188658
-0.44611048
-1.147458
0.10947347
-0.7623828
-1.3435616
-0.39727963
-0.41991437
0.085830734
0.15197184
-1.8091077
-0.7992726
0.20745282
-0.48296675
-0.60706682
-0.93518005
-1.0294049
0.323498
-1.8873255
-1.2738196
-0.67494716
-0.41035165
-1.1018181
-0.022743069
-0.93783073
-1.2944024
-0.25232002
-0.19640274
-0.19190358
-0.1425567
-1.8137492
-0.88935449
0.11143923
-0.62925332
-0.62992746
-0.78786005
-0.89803984
0.37656289
-1.9280631
-1.1702842
-0.41010149
-0.5343258
-1.1451293
0.040558219
-0.941934
-1.2156716
-0.44527841
-0.32193075
0.037953699
-0.018967828
-0.65253275
0.17530189
-0.57054482
-0.69341857
-0.54286721
-0.84876974
0.39166291
-1.85512
-1.3001606
-0.72533332
-0.46264155
-0.96906515
0.09339266
-0.96541544
-1.32882
-0.38391986
-0.21481647
0.030306839
-0.21935843
-0.73882209
0.29881565
-0.59218512
-0.71561717
-0.46766422
-0.78688419
0.32331369
