-0.11205337
-0.61891447
-0.62256653
-0.58341924
0.26683324
0.12301543
0.099795097
-0.16269542
-0.16096832
-0.074543465
-0.24179327
-0.35109952
0.65572617
0.58432399
-0.059896274
1.3395915
1.237988
0.087598699
0.9186715
0.19868943
0.20209183
-0.73586438
-0.68610615
-0.6500363
-0.63902652
0.23605939
0.14088382
0.044376528
-0.17403005
-0.24785139
-0.081306845
-0.22818661
-0.38184865
0.74063805
0.64471072
-0.1136383
1.2805946
0.86582838
0.17059068
1.0549333
0.10187165
-0.67276155
-0.81235689
-0.65309144
0.16769574
0.038039777
0.11495222
-0.26434836
-0.12405418
-0.27273835
-0.12649546
-0.16616659
0.87528354
0.36027624
0.074383123
1.0800534
0.72157369
-0.19780081
0.99999321
0.021615324
0.064317554
-0.67070911
-0.72954146
-0.52724479
0.2039841
0.11088877
0.0038450156
-0.24887344
-0.18765141
0.035485081
-0.40152112
-0.54737753
0.57429339
0.73332174
-0.183806
1.294936
0.80565102
0.20933736
0.94727176
0.042586079
-0.57615348
-0.70535486
-0.39903336
0.25985767
0.25766652
-0.009997094
-0.15324288
-0.10351597
0.096010758
-0.11831839
-0.36508677
0.82534195
0.65027689
1.3391201
1.1373333
-0.031655335
0.96791721
-0.058690187
-0.8668502
-1.2362913
-0.95647635
-0.64079634
-0.44317693
-0.39833552
1.1330769
-0.068363318
-0.13092032
0.52320475
0.031254775
-0.80170736
-1.0592386
-0.46636263
-1.2347897
-0.62315054
-0.55309618
-0.36772871
-0.79503399
-0.7177761
-0.98416681
-0.74492787
-0.90927586
0.18487438
-0.34142089
1.0285651
0.14200312
0.23979746
0.62858266
0.050636923
-0.88929001
-0.48928253
-0.87005896
-0.87654864
-0.66907345
-0.5059991
-0.767896
-0.72904515
-0.97997972
-0.79673008
-0.6568094
-0.039968186
-0.33725958
0.98122573
0.79690093
-0.12501858
-0.34863761
0.17969805
0.022575616
-0.47468975
-1.0497677
-0.2717789
-0.80377782
-0.49399686
-0.46894457
-0.64800198
-0.65430579
-0.82885141
-0.75875561
-0.71897597
-0.44408096
-0.18613936
-0.35224503
0.65123669
0.97032139
0.24087733
0.086375641
0.91461482
-0.69178946
-0.61417825
-0.9806233
-0.61759184
-0.72366745
-0.62626571
-0.36395816
-0.76329798
-0.84204979
-0.6668425
-0.92385485
-1.059013
-0.25535471
-0.43192934
0.65224982
0.3114833
0.28669777
0.90959284
0.0022301596
-0.55116566
-0.72381458
-0.60335631
-0.66656923
-0.70787359
-0.7197361
-0.87010694
-1.1300283
-0.79144965
-0.6341747
-0.35582599
-0.62836888
-0.67218786
-0.14096637
-0.22266002
1.0011518
-0.14134774
-0.043753136
0.094369998
0.1205584
-0.94916721
-0.6585629
-0.84313172
-0.68885828
-0.64726539
-0.44948403
-0.66116882
-0.86148214
-0.92362379
-0.98350176
-0.67396214
-0.0037521761
-0.35064359
1.0099619
1.1279697
0.15115262
0.02688539
0.94775667
-0.50584702
-0.78719774
-0.81240758
-0.75986582
-0.74997455
-0.94451039
-0.79654445
-0.80879705
-1.0187985
-0.89571142
-1.052945
-0.83344494
-0.43765709
-0.15800141
0.98313672
0.33169155
0.31882928
-0.093973478
0.99623226
-0.1205865
-0.65302933
-0.68300922
-0.86875065
-0.70055279
-0.78202659
-0.84031324
-0.43558056
-0.72629162
-0.68409519
-0.69901744
-0.7981642
-0.94447493
-0.19652764
-0.45366409
0.81826675
1.025989
-0.12379821
0.17875971
0.32217032
-0.037550961
-0.41543138
-0.6840919
-0.23721044
0.12759178
0.44293906
0.32054307
-0.21716909
0.94253181
0.5365292
0.80238927
1.5507513
1.0172992
1.0046978
1.0237914
1.1643166
0.46503716
0.21161404
0.88733005
0.22699028
0.22699028
0.64508999
0.43480195
0.26299333
0.5875708
0.26564835
-0.19448252
0.38952522
0.64739307
0.69563648
1.0172487
1.4779672
1.1316506
0.64795064
0.89385767
0.88490884
0.4888111
0.15317803
0.91324602
0.51825576
0.44775076
0.55995609
0.22726432
0.2751613
0.18586776
0.072423202
-0.067316715
0.73646163
0.85669971
0.57902855
0.82549375
1.5035002
1.3200902
1.1148048
0.99878024
0.93814487
0.45807862
0.40265514
1.0313965
0.022079297
0.022079297
0.61717319
0.1627939
0.28987301
0.29155947
0.07205229
-0.21738868
0.91593363
0.76033978
0.64894736
1.0935018
1.7644361
1.2741417
1.3001374
0.78363514
0.95706778
0.5352938
0.20801449
0.49218651
0.20067886
0.16095629
0.15890973
0.26908627
0.15401643
0.37631183
-0.16363024
0.64267016
0.71254655
0.35239613
0.7038027
1.3516695
1.2061685
1.101242
1.003966
0.995104
0.59101559
0.0046246701
1.0446359
0.2012557
-0.0070895467
0.2012557
0.4104015
0.11177219
0.38976841
0.44611362
0.33884301
-0.26770629
0.66473835
0.9844212
0.23294917
0.91734019
1.5952527
1.3926537
1.299111
0.92583629
1.0542646
0.43336846
0.023767102
0.78035337
0.41133049
0.41133049
0.34485117
0.28763849
0.15272097
0.36062989
0.12347907
-0.011264966
1.0357959
1.007124
0.24221135
1.0051725
1.3091144
1.0674743
0.68816296
0.96500981
-0.018131574
0.42611784
0.10579272
0.82302092
-0.0070895467
0.41565046
0.70103011
0.30213525
0.36095952
0.69210017
0.35695191
-0.1105575
0.74168614
0.4505666
1.0864365
1.4299475
1.3322661
0.98726537
1.2055735
0.8567142
0.36689043
0.14025269
0.6047212
0.49667324
0.49667324
0.24970934
0.12915412
0.38956938
0.52278652
0.18802079
-0.29631083
0.85466157
0.76044839
0.77779356
1.0085484
1.6517319
1.1129966
1.2281305
0.70361258
0.69111314
0.050945197
0.16475515
0.55531347
-0.21645571
-0.092272107
-0.19642875
-0.80550323
0.072619368
-0.031703574
0.1013413
-0.28286285
-0.791204
-0.21983991
0.22108706
0.048963125
-0.34836302
-0.10783936
-0.55910561
0.72604158
-0.80547779
-0.36584934
-0.64198841
-0.25307546
-0.43983726
0.067837038
-0.2768989
-0.67926451
-0.15762558
-0.1787295
0.13656322
-0.060045871
-0.72913481
0.010319454
0.19187793
-0.30071789
-0.1777652
-0.063726072
-0.42604852
0.39270704
-0.72822672
-1.2231937
-0.17124382
-0.4400219
-0.40676137
-0.1262619
-0.32066842
-0.38106128
0.00072742783
-0.24267837
-0.03123358
0.16280876
0.071387551
0.18475083
-0.23497482
-0.36501704
-0.23683647
-0.6650178
0.36946975
-1.0464653
-0.64602256
-0.60966749
-0.37919364
-0.20960113
0.25793208
-0.28619343
-0.75137323
-0.17565977
-0.083720355
0.022120408
0.11058025
0.080159784
0.28642031
-0.22246435
-0.12918746
-0.33173792
-0.36288015
0.56912569
-0.32169612
-0.36143099
-0.34408425
-0.13003362
-0.22384575
-0.19670627
-0.520687
0.093911537
-0.12405307
0.066650596
0.044782265
-0.97928136
-0.14732839
0.22004646
-0.17305587
-0.221375
-0.29688396
-0.50244935
0.46575446
-0.79967165
-0.51827964
-0.66742882
-0.40218087
-0.175087
-0.52421024
0.070419945
-0.14903222
-0.65445969
-0.14430722
-0.35178356
0.20784769
0.057049856
-0.77531049
-0.23692772
0.29546365
-0.015941097
-0.34669695
-0.75753462
-0.8403959
0.4592834
-1.0110795
-0.53557163
-0.26250594
-0.1429306
-0.38365252
-0.11689068
-0.38020068
-0.57229055
0.053999872
-0.064961296
-0.13510717
-0.33865732
-0.79775259
-0.3915277
0.099526966
-0.20453905
-0.38768459
-0.62928707
-0.66904419
0.5314069
-1.0456526
-0.35054699
0.082889989
-0.27396007
-0.53965576
-0.020665749
-0.41565373
-0.52666777
-0.1521596
-0.22511569
0.18198046
-0.17655124
0.023888578
0.21239641
-0.13655546
-0.45123976
-0.30154737
-0.59455298
0.56062441
-0.94671636
-0.46340123
-0.37180027
-0.22408148
-0.24398802
0.063426849
-0.43858121
-0.65076686
-0.088932581
-0.07536749
0.16895898
-0.46576103
-0.1665777
0.39569437
-0.17682179
-0.50558025
-0.19670913
-0.51559325
0.47733676
-1.1304467
-0.92081781
-0.95692952
-1.0314371
-0.9120288
-0.9987416
-0.57062787
-0.97336988
-0.67353343
0.99504613
-0.62506917
-0.44777364
-0.9732319
-0.89634453
-0.81861
-0.8775634
-0.98280709
-0.98280709
-0.91312277
-1.114977
-1.1748384
-0.96914007
-0.62157182
-0.96620234
-0.83668971
-0.96129413
-0.66887313
-1.0447363
-0.75363987
0.75915712
-0.56400906
-0.31197415
-1.0670418
-1.067446
-0.90838244
-0.99600929
-1.1258293
-1.0385804
-1.0133445
-1.0171427
-0.96485324
-0.87804713
-1.0152081
-0.89560931
-0.95686474
-0.47744375
-0.95006848
-0.77538537
1.2289733
-0.60604295
-0.52378791
-0.84922401
-0.91467497
-0.89020418
-1.0823684
-0.8737183
-0.8737183
-1.0389295
-1.1146084
-0.95127002
-0.81789555
-1.0582954
-1.071643
-0.93199035
-0.36645503
-0.94635093
-0.93999001
1.2804933
-0.41348642
-0.31188262
-1.0451384
-1.0003105
-0.97053759
-0.992163
-0.99465745
-1.049491
-0.89237098
-1.1651197
-1.1694817
-0.98098654
-0.89661448
-0.91145954
-0.89349898
-0.71867874
-0.85431855
-0.64628947
0.82496842
-0.5291249
-0.49054194
-0.93741394
-0.80229891
-0.83302762
-0.94401499
-1.0546096
-0.91766213
-1.0546096
-0.99877928
-1.043073
-1.0511156
-0.88506296
-0.87268468
-1.0729483
-0.93204712
-1.0914466
-0.35387375
-1.0356415
-0.66475992
0.70369798
-0.52178539
-0.36465355
-1.0078898
-0.9034437
-0.83225425
-0.93282735
-1.1232752
-1.1232752
-1.1395577
-1.0151849
-1.0240261
-0.9946614
-0.95811448
-1.100848
-1.0871009
-0.93734256
-0.68815742
-0.97720984
-0.81616248
0.55471738
-0.52727687
-0.33017696
-0.92071507
-1.0322585
-0.81729539
-0.95240814
-0.91766213
-1.0810751
-1.0653166
-1.1681284
-0.89492413
-0.91913093
-1.0236667
-0.73899175
-1.0734281
-0.42302213
-1.0690744
-0.63963943
1.2338085
-0.51581205
-0.61368397
-0.95510882
-0.9367153
-0.97342798
-0.95713909
-1.1657507
-1.1657507
-1.052888
-1.1394099
-1.1058062
-0.69178544
-1.2964597
-0.88961426
-1.1858529
-0.77086392
-1.0079215
-1.0181482
1.0242296
-0.66417889
-0.22962651
-0.96774018
-0.99690544
-0.98959724
-0.95513626
