-1.000239
-1.0003984
-1.0004216
-1.0006448
-1.0003836
-1.0002758
-1.0003444
-1.0003209
-1.0006836
-1.0001531
-1.0000203
-1.000188
-1.0001843
-1.0001619
-1.0002117
-1.0008831
-1.00035
-1.0001903
-1.0004656
-1.0008955
-1.0008576
-1.0005227
-1.0006859
-1.0005511
-1.0003486
-1.0005012
-1.0006078
-1.0002836
-1.0004561
-1.0006366
-1.0001233
-1.0000414
-1.0002352
-1.0002924
-1.0005091
-1.0007716
-1.0001138
-1.0001903
-1.0000955
-0.99988739
-0.99995691
-1.0000691
-1
-0.99999758
-0.99996704
-1.0000273
-1.000205
-0.99997483
-0.99979674
-0.99997603
-0.99962697
-0.99974874
-1.0007968
-1.0007498
-1.000915
-1.0005959
-1.0013149
-1.0007779
-1.0006631
-1.0010093
-1.0008897
-1.001072
-1.0009623
-1.0010609
-1.0008242
-1.0019035
-1.0016901
-1.0009941
-1.0008773
-1.0009895
-1.0009793
-1.0007207
-1.0010059
-1.0010417
-1.0007685
-1.0009379
-1.0008468
-1.0007237
-1.0006992
-1.0007548
-1.0007841
-1.0011042
-1.0006519
-1.0005647
-1.0007723
-1.0004897
-1.0011208
-1.0005866
-1.0018792
-1.0007682
-1.0005876
