1.3813664
0.95173344
0.43747392
0.47016236
1.0422228
0.8977247
1.0917022
0.8933389
-0.29168851
1.1618817
-0.90185175
0.37588298
0.31314964
-0.70300234
0.36460692
0.17094476
1.0061837
1.1343967
1.0185624
1.3903381
1.3335222
0.9323086
0.30901082
0.46190061
1.0543844
0.90515374
1.099876
0.89632197
-0.26566243
1.1441544
-0.49190074
0.24376726
0.15621492
-0.76357359
0.37853557
1.0034665
1.1300527
1.006898
1.3667186
0.96645258
0.43630871
0.46476793
1.0286455
0.87759223
1.0807969
0.91846165
-0.26891561
1.2724528
-0.87302617
-0.47091388
0.26345504
0.16947343
-0.72410525
0.44935843
0.99217343
1.1224144
1.0027183
1.1046792
0.64616835
0.46190787
0.34031304
1.1002522
0.41628012
1.0481727
0.47092147
-0.72662791
1.0221358
-2.0328976
-0.9959414
0.038546616
0.016906172
-2.0405576
0.65289929
-0.16540489
0.88047614
0.90562534
0.7739819
1.0738669
0.66526251
0.49581628
0.33764943
1.1276213
0.41057474
1.0671951
0.46869666
-0.67758283
1.0964755
-2.022917
-1.0189104
-0.098214693
0.054204634
-2.0992522
0.66817888
-0.12151268
0.88745474
0.94648569
0.11757289
-0.5852753
-0.47874195
-0.32799019
-1.2687901
-0.31454705
0.0088321393
-0.43649223
-0.38114915
-0.54331449
-0.70613242
0.48099564
-0.32138598
-1.0904565
0.077874874
-1.1970585
-0.21883027
-2.1219782
-1.0260474
0.32428471
0.10373873
0.13955166
-0.5939186
-0.48376957
-0.41654725
-1.2211403
-0.42197524
0.10259706
-0.41682621
-0.41842538
-0.55676587
-0.72924815
0.56570029
-0.37428856
-1.1315577
-0.051797353
-1.178425
-0.64956956
-2.1704923
-1.0075549
0.31371256
0.13620698
-0.59889892
-0.47335441
-0.2804594
-1.2809435
-0.3598853
0.11856748
-0.40143249
-0.37766617
-0.56749254
-0.75264981
0.51148495
-0.34166586
-1.1470873
-0.023137305
-1.180826
-0.25182538
-2.1555389
-1.0088001
0.30107438
-0.094125977
-1.3642436
-0.49055415
-0.32461014
-1.1435542
-0.26645267
0.011949869
-0.82745602
-0.54225361
-1.1921157
-1.728352
-0.18759949
-0.93982632
0.0062018591
-1.1545962
-0.53700468
-2.6153855
-1.5272732
0.45117085
-0.090222011
-1.3592492
-0.48202617
-0.3906724
-1.1304016
-0.29673322
0.11046579
-0.8748808
-0.50872707
-1.1999665
-1.7162968
-0.18595477
-0.9272532
-0.15095812
-1.1423057
-0.50840769
-2.6334805
-1.5558198
