1.7918224
1.4635726
0.91945601
1.2729726
1.712595
1.041726
1.675143
1.0779509
0.003541352
1.3480785
-1.636579
0.39260971
0.40295338
-1.2583292
0.6954797
0.68738994
1.520915
1.3722119
1.4583082
1.7843805
1.8069067
1.4798206
0.94916525
1.2642022
1.6963252
1.0321576
1.6674496
1.0767896
0.018633907
1.3548135
-1.178961
0.27846432
0.28171871
-1.2772764
0.71170916
1.5260479
1.3791277
1.4669273
1.7908362
1.4857161
0.92748621
1.2629809
1.7082823
1.028796
1.6693012
1.0875459
0.010255869
1.4521799
-1.6182251
-1.1823056
0.32167043
0.27807378
-1.2884321
0.7913204
1.5207887
1.3780341
1.4672506
1.7314874
1.4167915
0.95672852
1.2370951
1.7326335
0.92636658
1.6636348
0.97403534
-0.08267194
1.3217217
-1.9241176
-1.2638803
0.31086596
0.23821206
-1.618002
0.77409899
0.6157641
1.4854279
1.319985
1.4086252
1.7468693
1.4141952
0.95779979
1.2440773
1.7163573
0.92362008
1.6683307
0.97867003
-0.06968253
1.4044765
-1.8784336
-1.3096366
0.18929685
0.23810944
-1.6456717
0.77699841
0.61277164
1.4867971
1.3351459
-0.27735997
-0.32462051
-0.08563202
0.46466685
-1.4711285
-0.93448022
-0.867253
-1.5245959
-1.7858174
-1.4999295
-1.1215791
-1.2195193
-1.6033543
-0.97029154
-1.0443736
-1.8900298
-0.93740375
-0.93858219
-0.93740375
-1.2789768
-0.28175182
-0.3122802
-0.31632865
-0.083345727
0.48426864
-1.4091978
-0.92099927
-0.80569
-1.5458964
-1.8094421
-1.4847852
-1.1430778
-1.2070496
-1.6117133
-0.96961884
-1.0515011
-1.87472
-0.95680132
-0.95680132
-1.2916642
-0.25565831
-0.32366602
-0.31297461
-0.091089446
0.45462347
-1.4640995
-0.9238074
-0.78415496
-1.5535099
-1.775337
-1.4963464
-1.1352302
-1.224017
-1.4712582
-0.96288383
-0.98899689
-1.9071884
-0.93858219
-1.0197059
-1.4924718
-0.51263624
-0.43890107
-0.37540744
-0.14724027
0.47130989
-1.0583473
-1.0152052
-1.6508627
-1.8357441
-1.7864572
-1.3427311
-1.3331023
-0.99684874
-1.0170185
-1.1452863
-0.93872858
-1.0303679
-1.0303679
-1.4699681
-0.51101205
-0.45219595
-0.36813358
-0.16665232
0.4940559
-1.5040868
-1.0488824
-0.99892054
-1.6498516
-1.8804429
-1.7247029
-1.346565
-1.3233303
-0.99456164
-1.0178137
-1.20427
-0.96082384
