-0.61280117
0.93957906
0.53520958
0.98952493
1.0405058
1.0242704
1.0409678
1.0009501
0.78449813
0.99788298
0.99336612
1.0777825
1.0344528
0.93359881
0.68050517
1.045894
1.009437
0.99511671
-0.36871915
0.99474235
1.0030393
0.85984617
0.99593539
0.97557758
0.97954711
1.0408933
1.0205184
1.0217313
1.0004228
0.78437493
0.96739135
0.97319858
1.0884749
1.0632055
0.89251459
0.70981609
1.0748474
0.9729828
0.94261783
-0.42295852
1.0182286
1.0215055
0.99584112
0.9787829
1.0134541
1.0216045
1.0396038
1.008184
0.82094872
0.95234449
1.0234665
1.0799763
1.0813604
0.99961073
0.70926938
1.0498313
1.0369032
0.98322426
-0.48152343
0.936238
0.98093316
0.84155268
0.96923499
0.93648345
0.95421899
0.94748901
0.86196572
0.91141205
0.41682453
0.92847273
0.9632572
0.88908897
0.91082201
0.80494504
0.2259506
0.85978536
0.92149016
0.55261155
-0.67836197
0.96296865
0.59814265
0.5310093
0.94423209
0.95524688
0.99480933
0.86871928
0.93091571
0.41875089
0.92535206
0.94305749
0.89401991
0.9671675
0.88408511
0.26908456
0.86136433
0.58811479
-0.6892908
0.94006119
0.62085799
0.50818519
0.37305635
0.48262445
0.47645739
0.40878565
-0.73607952
0.6301523
-0.11573197
0.14485389
-0.043221637
-0.32333893
0.060238166
-0.65629384
0.46875302
0.64841727
0.22434148
0.70024677
0.40067388
-0.049028974
-0.20639102
0.38552107
0.48088368
0.4914986
0.40770307
-0.72653252
0.63225662
-0.073159951
0.085375385
0.012826039
-0.34224887
0.10437414
0.47266156
0.65599107
0.46425691
0.29488907
-0.047038272
-0.030210865
-0.40329376
0.47212233
-0.22275081
0.44550647
-0.17561334
-1.357563
0.45680742
-2.007644
-0.88707086
-0.40546324
-0.15331907
-2.2303068
0.429967
-0.73884609
0.30773918
0.4019991
0.1389038
0.31732883
-0.022722377
-0.028240604
-0.35279366
0.48678511
-0.18244359
0.43502877
-0.14734593
-1.362054
0.44615762
-2.5720254
-0.87969611
-0.34988776
-0.11666019
-2.1789796
0.36024545
-0.75351396
0.32782006
0.36267049
0.78208542
0.38936667
-0.042880949
-0.21110465
0.36413274
0.51179594
0.48290778
0.4074561
-0.77025961
0.71647812
-0.45112719
0.076317781
-0.018031118
-0.34564108
0.040200092
-0.30109199
0.48823745
0.68254238
0.49851512
0.80340512
0.6864243
0.34063602
-0.33349523
-0.20451514
0.39516373
0.53495516
0.50327031
0.42632527
-0.74053668
0.67792572
-0.16267765
0.15566534
0.039547684
-0.38018715
0.050083186
0.47211729
0.65000096
0.47746436
0.79208513
0.38317236
-0.0643618
-0.19631828
0.34268847
0.4954429
0.47357227
0.43593712
-0.73902884
0.6627563
-0.4125405
-0.12091061
0.069648678
0.071170893
-0.28671961
-0.024945381
0.46849852
0.64485616
0.46968698
0.40711955
-0.067216212
-0.074893124
-0.39153163
0.4387826
-0.18190912
0.41680857
-0.1879911
-1.4214261
0.50770609
-2.0216753
-0.98787915
-0.40376705
-0.15192484
-2.1701848
0.43936819
-0.78955081
0.31834232
0.33680622
0.14246901
0.30040034
-0.042947385
-0.021005751
-0.39971819
0.49489058
-0.17834461
0.44758619
-0.20326271
-1.3399671
0.43537846
-2.072398
-0.90917215
-0.36164184
-0.085108697
-2.2024096
0.46336336
-0.7163151
0.32614177
0.38958706
-0.44318964
0.11059716
-0.34351187
-0.067806064
-0.37682978
-0.94984028
-0.26792929
0.19193047
0.020763117
-0.33091029
-0.60574681
-1.0679836
-1.6820909
-1.8107027
-1.607358
-1.607358
-1.018774
-0.69230119
-0.53100373
-0.45310873
0.087550287
-0.40493026
-1.0158597
-0.13690123
-0.34431456
-0.96145584
-0.27268854
0.20035259
-0.0081843966
-0.35311638
-0.66539262
-1.0475596
-1.6459546
-1.8740915
-1.5682582
-2.072612
-2.2553177
-1.0514939
-1.2794035
-0.95691365
-0.35006449
-0.22158711
-1.286229
-0.87801585
-1.0796937
-1.6352336
-0.892695
-1.3279944
-1.373786
-0.8980652
-2.8194854
-1.6598052
-2.7011247
-2.9189557
-2.2015436
-2.2015436
-2.2196078
-1.1559187
-1.2894917
-0.93355504
-0.3569022
-0.26045644
-1.1828439
-0.83188867
-1.1238524
-1.6596498
-0.81941245
-1.2255766
-1.3294799
-0.88750637
-2.7798179
-1.6022453
-2.7006467
-3.0501489
-1.6396224
-1.7732774
-0.7160651
-0.48256088
-0.55433099
0.092643215
-0.35483216
-1.0361786
-0.093938466
-0.39731588
-0.96671576
-0.26668365
0.22384104
0.052307749
-0.33225362
-0.60743684
-1.0252207
-1.6159117
-1.8476318
-1.6189779
-1.6409133
-1.6189779
-1.1309704
-0.68741479
-0.3691511
-0.46388037
0.10095653
-0.42271534
-1.5486408
-0.033840833
-1.1173339
-0.94234364
-0.20446125
0.26356627
0.045252111
-0.2779255
-0.6050332
-1.0474485
-1.6179338
-1.9102805
-1.6108672
-1.6108672
-1.071836
-0.65829333
-0.4374786
-0.49358662
0.042884263
-0.38249874
-0.94803775
-0.057668608
-1.1331038
-0.92985388
-0.29931508
0.19548992
-0.057224449
-0.32090209
-1.9674564
-1.0217555
-1.6332503
-1.8972237
-1.6409133
-2.1093751
-2.2323973
-1.1328447
-1.3285416
-0.85961357
-0.3038861
-0.24930829
-0.82008767
-1.1617199
-1.5859478
-0.8933645
-1.2100782
-1.3493633
-0.9209637
-2.8453835
-1.6884349
-2.7921474
-3.0768812
-2.0545086
-2.0545086
-2.2599726
-1.1221707
-1.2713538
-0.87345139
-0.34557308
-0.33107941
-1.1849117
-0.80269003
-1.1123671
-1.624143
-0.84177233
-1.234296
-1.2655349
-0.93676397
-2.8527743
-1.8433909
-2.7500077
-2.8927796
-1.6725447
-0.42856415
0.094345067
-1.0063984
-0.38869148
-1.6558771
-0.81427445
-1.0721658
-1.8966785
-3.3456303
-2.97702
-1.3081977
-0.72187807
-1.7542512
-0.86937042
-0.36128522
-0.36128522
-0.6978315
-1.3153556
-0.49127146
-1.610518
-0.38914173
0.093339671
-1.0506669
-0.40442157
-1.5758381
-0.78401112
-1.0771163
-1.8652231
-3.2784179
-2.8255716
-1.2591113
-0.75315192
-1.8171214
-0.88726793
-0.37206787
-0.9070682
-0.17063063
-0.86823761
-1.7087158
-0.71530037
0.14040888
-0.89489832
-0.87810797
-2.2008511
-0.8311437
-1.5261064
-4.2405981
-4.9841017
-4.2639253
-0.87303149
-1.2562155
-0.86896575
-1.4312625
-0.8828395
-0.8828395
-0.14710821
-0.9356906
-1.7148677
-0.71951273
0.13920051
-0.90727403
-0.83560383
-2.1268503
-0.80613883
-1.8066065
-4.2573487
-4.9133747
-4.1856627
-0.96661971
-1.2922718
-0.93855995
-1.4266428
-0.38133797
-0.72882719
-1.2408951
-0.50624872
-1.9102831
-0.40687392
0.16661618
-1.030863
-0.38063051
-1.6049337
-0.73460165
-1.024294
-1.9370767
-3.2637603
-2.9098271
-1.2109254
-0.73662509
-1.7973909
-0.89946245
-0.38009316
-0.33718164
-0.38009316
-0.74762444
-1.3093488
-0.4518164
-1.6184026
-0.39269886
0.13621719
-1.0561119
-0.52167361
-1.5654221
-0.7825031
-1.0366122
-1.9318562
-3.262041
-2.8904322
-1.2709442
-0.74886115
-1.746447
-0.91610312
-0.38525102
-0.38525102
-0.73435852
-1.3084714
-0.45627298
-1.6982748
-0.41625653
0.074549292
-1.1113127
-0.43163164
-1.6631045
-0.8321817
-1.0582389
-1.8798461
-3.2612923
-2.8090767
-1.2384607
-0.74167079
-1.7145616
-0.90208301
-0.33718164
-0.9161056
-0.18723008
-0.92279193
-1.8537738
-0.6939543
0.13866706
-0.86545698
-0.89052579
-2.1976766
-0.82426262
-1.4855067
-4.2367205
-4.9417099
-4.1678958
-0.87604426
-1.3098214
-0.88403937
-1.3822108
-2.8728555
-2.8728555
-0.17893688
-0.87909458
-1.8224537
-0.76067058
0.018916273
-0.86983346
-0.90909411
-2.2294247
-0.84325733
-1.6605259
-4.2317855
-5.0303372
-4.2828641
-0.96935987
-1.3536345
-0.91265919
-1.4388509
-1.7898255
-1.0491684
-0.69282903
-0.85970884
-0.79766979
-0.85748844
-1.1456104
-0.28862121
-0.82939205
-1.4543463
-0.33826695
-1.8775137
-0.75223886
-3.4133799
-1.1018751
-0.54591029
-0.51275169
-1.1489608
-1.0442322
-0.9846226
-1.7666505
-1.0517172
-0.69924698
-0.90567168
-0.77060345
-0.8917184
-1.0808681
-0.31180814
-0.83712222
-1.4904407
-0.37991009
-1.8998179
-0.76047003
-3.3805546
-1.1138984
-0.521703
-0.96143301
-2.1902963
-1.1117398
-0.98512342
-1.6370355
-1.0097787
-0.66212855
-1.4562753
-1.0437765
-1.7883182
-2.394635
-0.57200116
-1.2733926
-0.48779574
-1.8651214
-1.1424959
-4.0364425
-1.9074667
-0.37671051
-0.94774354
-2.285071
-1.0649383
-0.95695121
-1.6182146
-0.97950273
-0.70745048
-1.4877954
-0.97771269
-1.8004032
-2.4670745
-0.59151209
-1.2698461
-0.51777766
-1.8255662
-1.1239814
-3.9985238
-1.8461135
-0.56785163
-1.0729965
-1.0302247
-0.97360922
-1.8364599
-1.038002
-0.66576343
-0.85610919
-0.77421048
-0.87261953
-1.0498745
-0.35148307
-0.83073433
-1.4429833
-0.45381352
-1.9053534
-0.75314908
-3.3606452
-1.1281274
-0.55288047
-0.55397138
-0.61388464
-1.1221865
-1.0512945
-1.0061263
-1.7405062
-1.0097259
-0.72753673
-0.81720218
-0.85592334
-0.88587283
-1.0982405
-0.32618071
-0.84190813
-1.5672269
-0.36077257
-1.9245646
-1.5080442
-3.4233978
-1.1083817
-0.57381624
-0.61392078
-1.0946001
-0.99964392
-1.0255186
-1.8428473
-1.0579256
-0.69670553
-0.78678392
-0.75899416
-0.90938189
-1.1539062
-0.31430151
-0.86608407
-1.5643613
-0.3661291
-1.9313586
-0.83740549
-3.3952705
-1.1135653
-0.60557746
-0.85574568
-2.1825849
-1.0519917
-0.96988479
-1.6407875
-0.97320053
-0.69153315
-1.4265033
-1.0208405
-1.7752563
-2.5429079
-0.56830974
-1.2536601
-0.55123815
-1.8872039
-1.1483044
-4.0682246
-1.8660375
-0.37300316
-0.86781242
-2.2211945
-1.0502336
-0.96424046
-1.5997327
-1.0267635
-0.7014018
-1.5138284
-0.9656739
-1.7419948
-2.5311404
-0.59516124
-1.2210559
-0.4958107
-1.8705472
-1.1538524
-4.0835072
-1.9125924
