0.8580131
0.88285372
0.75249775
0.92113662
0.80412853
0.87780515
0.81624009
0.78708592
0.74672487
0.79148734
0.72670087
0.92884272
0.92986034
0.83401297
0.88344255
0.7725866
0.78465031
0.74310589
0.98547553
0.86271873
0.89889134
0.9555979
0.86424372
0.70200639
0.9995874
0.75962546
0.84132752
0.85152235
0.83236748
0.78887257
0.77624681
0.68501724
0.86513062
0.9297163
0.80805822
0.86806726
0.79906507
0.76974387
0.80293916
0.98072919
0.93758954
0.91538132
0.8450751
0.69312186
0.97110874
0.7457971
0.87889665
0.82592046
0.79749767
0.72317908
0.84965748
0.7699913
0.85028453
0.97658416
0.87026509
0.87669447
0.8097498
0.82071295
0.77655446
0.96114319
0.93602426
0.88978045
0.77641483
0.73835015
1.0194826
0.76593296
0.90384933
0.84134494
0.84288756
0.76753329
0.7696287
0.72057266
0.91476545
0.86531294
0.89680366
0.81593273
0.78022784
0.75439919
0.98056887
0.90025856
0.88971463
0.88361361
0.7372538
0.92013044
0.76826794
0.89541063
0.84124471
0.80202679
0.78209155
0.7775886
0.79322933
0.96385866
0.82127945
0.92104586
0.82079762
0.76997099
0.72894812
0.96844136
0.93506402
1.4424044
1.0588549
1.21705
1.0366827
1.1582988
1.1505215
1.0857719
0.99643445
1.2039905
0.89792097
0.69744637
1.0898223
1.0619285
1.1148522
1.0486159
0.92445989
0.97747715
0.77625796
0.90104203
1.3312251
0.98406856
1.2341171
0.90872737
1.1846218
1.1496029
1.0742317
0.93206586
1.1633558
0.89595385
1.0247414
1.1064218
1.0160771
1.135538
0.94900454
1.0019523
0.7589623
0.92370113
1.3485242
1.0177669
1.218547
0.95427224
1.1399101
0.78459242
1.1960197
1.1163669
1.0651262
1.224707
0.89662196
0.68710167
1.0944583
1.0082984
1.00659
1.0270655
0.90815806
1.0343639
0.74846963
0.93179712
1.2592949
1.0200881
1.1091764
1.0015676
1.1972113
0.75758637
1.1571141
1.0420291
0.98546805
1.1043482
1.0180063
0.71364033
1.0725201
1.1485541
1.0960269
0.94579877
0.95338242
0.77529922
0.93729886
1.2416237
1.0595291
1.357623
0.98791623
1.1109657
0.83222666
1.0259874
0.93876492
1.1021347
0.91271734
0.70384638
0.9785868
1.1401977
0.98440481
1.0918935
1.0743825
1.0012828
1.1037015
0.77412113
0.87486839
1.1736145
0.95494375
1.2145454
0.99871079
1.0902078
1.1575468
1.1060676
0.99953806
1.2390944
0.88317662
1.0638885
1.1640699
1.0317291
1.0655741
0.97026065
0.9757292
0.74763351
0.93463246
1.3159716
1.0822933
1.2019148
0.94586679
1.1714703
0.7919359
1.1329021
1.049296
0.98938178
1.0922946
0.99082844
0.98013256
1.194657
0.99594257
1.0966997
1.0220093
1.0450542
0.79411425
0.98445267
1.2910066
1.0927382
1.239199
1.014814
1.0849018
0.79781312
1.280766
1.0319519
1.0242944
1.0981727
0.94548808
0.69802765
0.96258772
1.2082663
0.99163603
1.1122643
0.99886956
0.982423
0.76340698
0.87152438
1.2457048
1.0138837
1.2293726
0.98587161
1.1875476
0.79282833
1.1406827
1.1257032
0.98059986
1.1996101
0.90308534
0.67749415
0.97596075
1.0289119
0.71268903
0.66347667
0.67658555
0.71678196
0.39906234
0.42426626
0.42052149
0.60670586
0.45489087
0.55975417
0.25786168
0.25618174
0.52546132
0.50902138
0.73538056
0.66893887
0.66893887
0.43579596
0.58798112
0.69768992
0.6231486
0.68948021
0.73672426
0.44995249
0.41756215
0.41620221
0.41687759
0.61870057
0.44141803
0.59433458
0.26329417
0.25172505
0.52400796
0.52740588
0.71396016
0.63382294
0.64636714
0.43103756
0.61364838
0.68144442
0.66100979
0.70532087
0.73627988
0.40418544
0.43971674
0.42646936
0.44075899
0.62850238
0.43628521
0.56984525
0.2560026
0.22379098
0.52275544
0.51671737
0.7118935
0.66086188
0.66086188
0.43188569
0.60630172
0.65847981
0.64827302
0.70480584
0.74483832
0.39915839
0.39978121
0.39775516
0.3896164
0.60546994
0.44722913
0.54604193
0.26955761
0.22337907
0.52198869
0.53036715
0.73991596
0.6631916
0.42090884
0.60734095
0.67538018
0.67262386
0.6701285
0.76230238
0.41501359
0.41302563
0.42636119
0.46481441
0.63847819
0.42526673
0.55012033
0.24900362
0.23790668
0.51672275
0.56795042
0.72444858
0.66645362
0.70362666
0.66645362
0.45821071
0.62665135
0.66564166
0.65121602
0.67841012
0.76410353
0.37895572
0.45028382
0.35009445
0.41475721
0.63164847
0.4475291
0.5457021
0.25861663
0.23972384
0.52384967
0.5590292
0.72019977
0.65929546
0.65929546
0.46081648
0.60097948
0.69388158
0.65894123
0.68408022
0.72983811
0.38215126
0.44438458
0.35250539
0.41431499
0.63374378
0.45993379
0.57868221
0.26777516
0.24550098
0.53206509
0.53272321
0.7504251
0.70362666
0.64502588
0.42350373
0.57648784
0.66628152
0.6137055
0.68646001
0.73733559
0.39536665
0.40946311
0.40972082
0.62982278
0.42724642
0.57974847
0.24952834
0.22626696
0.52858369
0.5188139
0.75981969
0.66339837
0.66339837
0.46461575
0.60747842
0.65948278
0.63797021
0.69882508
0.75387336
0.44105977
0.40701468
0.39138528
0.41558123
0.60647009
0.43247791
0.56090103
0.27550668
0.23667984
0.56241046
0.51053301
0.74781241
0.8234126
0.56393382
0.73318775
0.58116167
1.0349086
0.69392712
0.76639207
0.91843692
0.54181937
0.7277211
0.8835429
0.71360925
1.0576412
0.91109431
0.79686434
0.5441605
0.63158741
0.45073881
1.044556
0.5879365
0.81657729
0.56654139
0.73726003
0.58707344
1.0058634
0.66590142
0.80489644
0.89442195
0.55590055
0.7027581
0.88611442
0.72984192
1.0479036
0.88238644
0.77207373
0.55071114
0.63222248
0.45821085
1.047233
0.60836821
0.85724737
0.56373324
0.74804976
0.57948576
1.0100211
0.67837297
0.76304003
0.97033246
0.57114723
0.72869353
0.90098535
0.6979048
0.99003415
0.94984094
0.80014755
0.5266644
0.45556347
1.0167015
0.58186749
0.79837761
0.57269348
0.73653299
0.57003688
1.0276252
0.67694212
0.78906824
0.952498
0.56213111
0.72438937
0.90971757
0.70261902
1.0377093
0.88577303
0.81513655
0.6641012
1.0020734
0.57092219
0.83888844
0.55767265
0.73287542
0.56507865
1.0338655
0.66912769
0.76924682
0.92548974
0.59802112
0.7189144
0.88597276
0.70950271
0.99955545
0.88165461
0.80187597
0.55689807
0.63398855
0.44691319
1.0544922
1.0065723
0.58052379
0.85635938
0.56499753
0.72179052
0.58150478
1.0271927
0.68557193
0.77418951
0.92286607
0.57558282
0.74154947
0.87131656
0.71512195
0.99989942
0.92695547
0.77758119
0.5541392
0.45476857
1.0146239
0.60505906
0.85053251
0.56790611
0.75104472
0.5794226
1.0489194
0.66445795
0.79820139
0.89472221
0.54174804
0.69453097
0.91862834
0.69476033
1.0150344
0.94693089
0.82451281
0.55227656
0.62617071
0.45840938
1.0288046
0.59325237
0.82640434
0.56353761
0.73698355
0.57616971
1.0485759
0.67466541
0.75070772
0.94697752
0.56780415
0.74185851
0.87091499
0.71453882
0.99264554
0.89679001
0.77734099
0.54148327
0.6545463
1.0148416
0.58944458
0.79754918
0.55771912
0.71823784
0.57536664
1.0187461
0.65945426
0.75515878
0.91049549
0.56545949
0.71259607
0.88484208
0.98303801
0.88683756
0.79729727
0.53520428
0.65915572
0.91894663
0.60983672
0.85282682
0.75688391
0.70410261
0.74491712
0.88909672
0.74031444
0.75718488
1.1722798
0.75134474
0.76248296
0.75933612
0.80738578
0.83484591
0.7176084
0.86765885
0.86765885
0.81604389
0.85266569
0.94982893
0.63106425
0.80089313
0.73624696
0.68074367
0.7707615
0.92143935
0.76736344
0.76473819
1.2436067
0.77863819
0.77306519
0.76272683
0.85074601
0.8501553
0.74554438
0.90372869
0.87867555
0.82185216
0.89784059
0.62729165
0.81532548
0.7454672
0.68692732
0.7341974
0.86012535
0.75332288
0.75578106
1.1499697
0.77421552
0.79092304
0.72989113
0.81710722
0.87451208
0.78607524
0.85014929
0.85014929
0.83635738
0.919933
0.62297594
0.81280443
0.76537752
0.76503503
0.75836658
0.88225407
0.76203687
0.79919426
1.1369912
0.72806896
0.76473544
0.76491583
0.84611595
0.88585835
0.73692371
0.8654072
0.83830767
0.78605014
0.94605958
0.60939649
0.85675816
0.72911545
0.69424906
0.74989787
0.95130712
0.72940548
0.76174263
1.2098622
0.7607524
0.7661368
0.74327578
0.80193311
0.83881028
0.71664235
0.88334234
0.84700861
0.88334234
0.83147957
0.83791086
0.91382678
0.60123467
0.82622276
0.77904834
0.70483161
0.78982259
0.87415534
0.76714983
0.75540934
1.2388552
0.74932668
0.7760263
0.75077106
0.79267845
0.83961055
0.73412108
0.89681391
0.89681391
0.87488474
0.82915071
0.90674073
0.61289684
0.85502279
0.77965536
0.75187749
0.75299067
0.93220293
0.75310715
0.79604533
1.2501628
0.7613194
0.75558646
0.73539508
0.86041964
0.82617648
0.73083886
0.84700861
0.90303741
0.85636079
0.94929496
0.59795492
0.85810014
0.74200577
0.67717419
0.79126251
0.90156047
0.78780167
0.76244895
1.1355774
0.75881313
0.80187111
0.74009066
0.82467897
0.87933788
0.73068252
0.85125768
0.85125768
0.85355863
0.93577331
0.64561953
0.7874302
0.82123931
0.71596603
0.82694428
0.93177283
0.77186115
0.80611375
1.1991574
0.76993645
0.76656414
0.73631575
0.82091859
0.88329536
0.73310612
