0.55027489
0.31455734
0.48442297
-0.21381732
0.12079465
0.98210354
0.25762156
0.88617028
0.67535549
0.99817436
2.3391387
1.4127795
1.3144668
2.3290354
0.90567082
0.16699921
0.33813169
0.88688639
0.46001025
0.57784615
0.41740795
0.2420099
0.17124122
-0.21532434
0.16966469
1.0034074
0.28419135
0.88895229
0.69553506
0.94218261
2.616729
1.3345838
1.1884013
2.2396205
0.90680642
0.3268315
0.8713341
0.42475072
0.50948062
0.30560082
0.47513877
-0.19648194
0.098469359
0.95318068
0.24527232
0.91735382
0.70701625
1.0487359
2.3539927
2.6723429
1.3113765
1.215357
2.3236582
0.90607303
0.31255266
0.85583214
0.4152277
0.3387354
0.052618663
0.44485678
-0.27814523
0.12781145
0.6532948
0.22323754
0.61261554
0.35809086
0.90246685
1.6415559
2.288529
1.1875661
1.1069566
1.5082933
1.0541197
-0.090732301
0.25964899
0.71570395
0.27845294
0.24537851
0.094231507
0.51179476
-0.29430925
0.21120061
0.64470186
0.25389873
0.60684651
0.43028472
0.91402907
1.5732342
2.3148305
1.1109455
1.1800284
1.4346297
1.0881788
0.0089279653
0.27788589
0.76602408
-0.71277469
-0.99468014
-1.0925887
-0.74498348
-1.6067743
-0.40083072
-0.61681583
-0.93951503
-0.69233177
-0.45557163
-0.75667569
-0.61133851
1.9216087
-1.2610791
-1.0453408
-0.93624029
-0.76484983
-1.1799994
-0.93638547
-0.69647306
-0.66350492
-0.69647306
-0.98952797
-1.1611747
-0.71081393
-1.2433381
-0.39343659
-0.64980003
-0.96213176
-0.83476255
-0.4246003
-0.81223396
-0.61600232
1.9132513
-1.2503811
-1.0070257
-0.99057567
-0.82699352
-1.1549888
-0.94121842
-0.69910554
-0.69910554
-0.9903445
-1.1522479
-0.74570311
-1.299728
-0.41069143
-0.7059321
-1.0047995
-0.73314282
-0.48133474
-0.81045246
-0.63608298
1.9740008
-1.2456283
-0.92002098
-0.98259936
-0.80349109
-1.1373163
-0.91685815
-0.66350492
-0.94121812
-0.75991323
-0.9542681
-1.4782015
-0.51099237
-0.67461424
-0.84058184
-0.99801994
-0.69959046
-0.83366841
-0.81253567
4.5475703
-1.996312
-1.5455066
-0.78703379
-1.0605026
-0.74149446
-1.1432989
-1.9715462
-1.9715462
-0.7264114
-0.93232493
-1.4376342
-0.5555601
-0.80064421
-0.85635095
-1.0206426
-0.7434674
-0.85838481
-1.0261257
4.4919806
-2.0808352
-1.605901
-0.87971281
-1.1208327
-0.76458813
-1.2111265
