2.3841009
1.4377116
-0.15685806
0.31974476
0.35076323
0.270983
1.1089893
0.26922296
-0.078098136
0.29453516
0.23553693
0.344114
0.34864988
-0.47568098
0.31894915
0.98158942
-0.044662438
1.0068151
0.22002785
1.8103134
0.79545953
-0.23823638
-0.16023181
-0.15267997
0.34694183
0.36837805
0.31068896
1.0717581
0.29156006
-0.083942279
0.28021465
0.26558337
0.36324501
0.36811408
-0.50684408
0.34334514
1.0400714
-0.038879579
1.0075368
0.54645872
1.8527242
0.76891744
-0.23400895
-0.14625941
0.33991583
0.35703181
0.27472289
1.1233164
0.28176003
-0.096560882
0.26424246
0.23192899
0.37186322
0.38336199
-0.49613309
0.33547526
1.0485411
-0.049739755
1.0119906
0.26191104
1.846729
0.76989473
-0.22405453
0.12008133
1.3322799
0.36092942
0.27015387
0.96101061
0.20661288
-0.063300198
0.80591984
0.42414114
1.1779707
1.6175566
0.1120013
0.7617783
0.05506212
0.97404511
0.58311052
2.4296883
1.4451816
-0.39966174
0.12335383
1.3341167
0.36226093
0.28564578
0.96043208
0.23366807
-0.089336493
0.84597427
0.40057154
1.1493001
1.6059871
0.1225044
0.76043643
0.085954327
0.96201747
0.57781725
2.4420312
1.4695153
-0.96643222
-0.83057256
-1.0181546
-0.83643603
0.21496187
-1.0180292
0.46435196
-0.23489346
-0.17004059
0.56436023
-0.29695913
-0.18809962
-0.9734716
-0.98667673
-0.86154112
-1.2261967
-0.94375815
-0.41192057
-0.52998795
-0.96896521
-0.8274652
-1.0283037
-0.83042448
0.19488189
-1.019185
0.44888824
-0.22430649
-0.19220288
0.57902529
-0.30702769
-0.97661161
-1.0048194
-0.96503955
-0.88181332
-0.5584161
-0.45178015
-0.35220934
-1.0558406
-0.22354667
-0.98223766
-0.30798658
0.74594902
-0.83777461
2.0263877
1.179635
0.17791299
0.0077255028
2.2576203
-0.65663251
0.065452904
-0.82345
-0.75106923
-0.6796635
-0.89346601
-0.56974708
-0.44599794
-0.38223403
-1.0648108
-0.24006386
-0.97885598
-0.30922572
0.75128595
-0.84745632
2.2517353
1.1422589
0.18559784
-0.0085652
2.2387505
-0.64999536
0.069250889
-0.83447788
-0.746742
-1.2521272
-0.9308084
-0.41751812
-0.52820151
-0.96221022
-0.84325965
-1.0206639
-0.82561843
0.21902197
-1.0224615
0.60436269
-0.24972998
-0.18189105
0.58408173
-0.28395931
-0.3299809
-0.98198491
-1.0194849
-0.97919183
-1.2615701
-1.2187131
-0.91650631
-0.298446
-0.52745828
-0.97391764
-0.85655247
-1.0294908
-0.83583948
0.1971006
-1.0119021
0.46633288
-0.23926845
-0.16376006
0.61013927
-0.29285764
-0.97501427
-1.0053297
-0.9698711
-1.2608991
-0.93597041
-0.40723275
-0.52451117
-0.95256087
-0.83721253
-1.0144961
-0.84377697
0.20094941
-1.0380576
0.5748921
0.45265117
-0.21319401
-0.18010338
0.56356336
-0.29654041
-0.97115896
-1.0031727
-0.96673283
-0.92148201
-0.55092784
-0.43136212
-0.35725262
-1.0456241
-0.23790019
-0.96806819
-0.29304729
0.77703282
-0.8388926
2.0341023
1.1729087
0.17440043
0.008158188
2.2504397
-0.66055276
0.085221742
-0.82796733
-0.73225013
-0.67190036
-0.88316368
-0.56292391
-0.45648321
-0.35472854
-1.066748
-0.23884538
-0.98322329
-0.28426397
0.73396394
-0.83890505
2.0357294
1.1535372
0.20023171
-0.023566176
2.275663
-0.66777116
0.0554993
-0.82853902
-0.76479693
0.21481431
-0.18845476
-0.047062332
0.24367255
0.31564236
0.87256833
0.66019513
0.24988201
0.19649071
0.51071505
0.69068269
0.7147384
0.97553262
1.4292719
1.0987425
1.0987425
0.75398481
0.38330683
0.11898619
0.22478654
-0.17715057
-0.016655324
0.88624042
0.26454331
0.29713154
0.87580846
0.68250464
0.25146133
0.21223686
0.50659882
0.7147301
0.69949654
0.95459577
1.4634241
1.0914014
1.5266047
1.7984679
0.64705517
0.84770129
0.62405922
0.19776286
-0.14588167
1.128483
0.93603664
0.97632509
1.4880065
1.202407
1.5938509
1.4284604
1.0112217
2.5667199
1.2237837
1.9145198
2.4173109
1.5857278
1.5857278
1.7796821
0.69380643
0.86038843
0.60329056
0.18715819
-0.12956211
1.0659484
0.92863782
1.0006938
1.4945701
1.189436
1.5393721
1.4087067
1.0048443
2.5284224
1.1959063
1.926028
2.4894047
1.1061274
1.0648077
0.40126087
0.086178499
0.26290468
-0.18331861
-0.04239133
0.91447767
0.25569387
0.32815538
0.87734764
0.67032512
0.24686429
0.17133007
0.50600982
0.68628085
0.68930564
0.94947945
1.4550257
1.0968651
1.1062345
1.0968651
0.79996546
0.39610664
0.051472457
0.22293955
-0.19351379
-0.020757373
1.1170334
0.21576356
0.62247681
0.86512823
0.64603519
0.21839329
0.18925306
0.47107105
0.69003115
0.70289239
0.95204389
1.4698746
1.1021029
1.1021029
0.77356837
0.36113399
0.093351304
0.23468796
-0.15730237
-0.022360406
0.86901181
0.22764713
0.61559366
0.86642958
0.6808607
0.25532013
0.23492739
0.50091258
1.2529005
0.68555291
0.9321621
1.473799
1.1062345
1.5358888
1.8169291
0.68763256
0.8690354
0.57297331
0.16863548
-0.13542949
0.90453031
1.0279187
1.4659519
1.1960196
1.5568826
1.4132338
1.0245004
2.5616196
1.2286017
1.9255817
2.4750654
1.5232355
1.5232355
1.8147954
0.67824922
0.83986271
0.56761972
0.19797055
-0.1021005
1.0781398
0.8960063
0.99037103
1.4841007
1.1920485
1.540395
1.3648743
1.0257538
2.5547675
1.2970859
1.944844
2.4030735
-0.93006188
-0.80226495
-1.0834941
-1.0201898
-1.0689844
-1.1600229
-1.1519078
-0.42683072
-0.73124065
-1.0128542
-0.36583075
0.67331294
-0.90762818
-0.36185805
-0.84469205
-0.86682445
-1.2993016
-1.4357703
-1.2754798
-0.84549934
-0.92656093
-0.8011018
-1.0697871
-1.0456691
-1.0612128
-1.1737545
-1.1677778
-0.36601888
-0.73325788
-1.0043836
-0.395303
0.64864154
-0.90547997
-0.36102559
-0.83724413
-0.85910215
-1.2462282
-1.3593198
-1.2327567
-0.70251707
-0.8436088
-0.46290855
-1.041171
-0.98142157
-0.90071805
-1.0556984
-1.0887032
0.034662171
-0.5559484
-0.92749532
-0.0094048499
-0.0025846792
-0.86938985
-0.017161858
-0.81908318
-1.249532
-1.3793673
-1.2747854
-0.7010753
-0.85472717
-0.48185627
-1.0419032
-0.98454276
-0.89527526
-1.0619985
-1.0850426
0.037151048
-0.55309995
-0.90877395
-0.027977237
0.83059049
-0.86294226
-0.5693554
-1.3079308
-1.4421377
-1.2910519
-0.84850529
-0.93535885
-0.8080532
-1.0782735
-1.0238727
-1.0755088
-1.1498834
-1.1558413
-0.3793735
-0.71838211
-0.99380067
-0.39787504
0.62565542
-0.90592154
-0.35422949
-0.8387052
-0.86897737
-1.2935354
-1.300895
-1.4441228
-1.2914743
-0.83775912
-0.92627947
-0.80422745
-1.0764795
-1.0110663
-1.0865114
-1.1643372
-1.1391354
-0.39719776
-0.7367898
-0.97642634
-0.39007582
0.64389754
-0.90937696
-0.3774766
-0.87269476
-1.2995059
-1.4361353
-1.291951
-0.85084085
-0.93069329
-0.81994244
-1.0689943
-1.0346199
-1.0859631
-1.1779102
-1.1817716
-0.39964686
-0.71413138
-1.0046099
-0.39156866
0.66992721
-0.89013384
-0.36056362
-0.83679971
-0.85676146
-1.2618921
-1.3701209
-1.2428509
-0.69779717
-0.85712775
-0.47260845
-1.0421817
-0.98608269
-0.9079991
-1.0533151
-1.069561
0.020843973
-0.54458727
-0.92124416
-0.018558818
0.85109454
-0.88099307
0.00063073753
-0.56123686
-1.2656738
-1.3729394
-1.2572578
-0.69849386
-0.8584151
-0.47634406
-1.0410035
-0.97552871
-0.91008315
-1.0738469
-1.0969508
0.0030928098
-0.54350552
-0.023107437
0.82400271
-0.86419015
-0.00044293006
-0.56033548
0.37442209
-0.45920389
-1.0144685
-0.078582279
-0.61221516
0.61949318
-0.25600441
-0.00018061052
1.4710879
1.7798999
1.5456272
0.14925264
-0.26677763
0.62450625
-0.19070011
-0.58181016
-0.58181016
-0.30621329
0.19763192
-0.42904474
0.32820546
-0.47222897
-1.0097486
-0.042695396
-0.60445193
0.56128494
-0.26589644
0.010487709
1.4304972
1.7477269
1.4610845
0.1265914
-0.25649758
0.6652434
-0.18839767
-0.58471157
-0.10875595
-0.77982752
-0.080054354
0.40050482
-0.18983176
-1.0411507
-0.18454681
-0.18960194
1.1150916
-0.2323918
0.40384238
3.5958794
3.258407
2.693876
-0.17327894
0.18334818
-0.1575864
0.27550503
-0.11055492
-0.11055492
-0.79590229
-0.032594455
0.40873617
-0.18435909
-1.0452145
-0.18124074
-0.21757999
1.0587126
-0.24480968
0.51707909
3.5749989
3.2151741
2.6577459
-0.13583121
0.20442411
-0.13612982
0.27666358
-0.57120156
-0.29969654
0.14710724
-0.40819004
0.45759687
-0.47203487
-1.0512363
-0.053317699
-0.62109878
0.58002434
-0.30260521
-0.031809318
1.4819554
1.7274244
1.5076408
0.11819061
-0.27499234
0.65552886
-0.18107732
-0.56706319
-0.59218908
-0.56706319
-0.27982747
0.20272111
-0.44780728
0.33930922
-0.47845561
-1.0352401
-0.045636014
-0.55151324
0.562196
-0.28153723
-0.021409752
1.4720258
1.7356579
1.5042969
0.13626919
-0.25942571
0.61524417
-0.17163549
-0.57381736
-0.57381736
-0.29510735
0.20521512
-0.44835812
0.3994017
-0.46692854
-1.0029728
-0.013072542
-0.58790285
0.62479547
-0.23348034
-0.0022825829
1.453071
1.7275162
1.4517085
0.10567796
-0.28977112
0.59051568
-0.17587962
-0.59218908
-0.10326025
-0.7728489
-0.048689642
0.47084702
-0.20490786
-1.0502826
-0.18951139
-0.21175531
1.115257
-0.24871652
0.37760283
3.5470309
3.2322473
2.6349421
-0.18699016
0.21602497
-0.14886459
0.25020387
1.3613336
1.3613336
-0.7834644
-0.078275498
0.45780703
-0.15420766
-0.99653184
-0.1974043
-0.2015737
1.1227417
-0.23604742
0.45222813
3.5351257
3.2804712
2.7205469
-0.13797101
0.22967713
-0.133105
0.275796
