1.1300095
1.0851859
1.0817195
0.9677623
1.0212416
1.1511486
1.0787723
1.1087251
1.0852184
1.124035
1.1861249
1.1677594
1.160106
1.2126376
1.1891736
1.087458
1.0816773
1.1683411
1.0696834
1.1663508
1.1600886
1.0521161
1.1000868
0.97503748
1.0539403
1.1414275
1.0703581
1.1048381
1.0981932
1.1629263
1.176465
1.156184
1.1735566
1.2031409
1.1607093
1.0923104
1.1639804
1.0852725
1.1393446
1.1131719
1.0496511
1.0139482
1.1006222
1.1325443
1.1000378
1.1137567
1.0916957
1.1511301
1.1677087
1.178649
1.1462146
1.143078
1.1995971
1.193023
1.1431489
1.1336213
1.0862199
1.1202682
1.1084784
1.1236458
1.0020001
1.0840642
1.1440689
1.0773096
1.1203334
1.107699
1.1257018
1.1423458
1.1728881
1.1798662
1.1853881
1.2261735
1.1695432
1.0614606
1.1397685
1.1430307
1.0900217
1.1375379
1.0995225
1.0734623
0.99978393
1.1133543
1.1368554
1.0908014
1.1482332
1.093219
1.1380832
1.162745
1.2069481
1.1737611
1.1915322
1.2122808
1.16582
1.1124344
1.0784474
1.16361
-1.0031166
-1.0022878
-1.0021657
-1.0021077
-1.0048199
-1.0018361
-1.0034039
-1.0026975
-1.0050661
-0.99984183
-1.0008384
-1.0017494
-1.0006492
-1.0014946
-0.99962266
-1.00263
-1.0029115
-0.99949106
-1.0029598
-1.0033577
-1.0019832
-1.0033577
-1.0044145
-1.0000292
-1.0013623
-1.0026722
-1.0027515
-1.002887
-1.0013352
-1.0043865
-1.0014102
-1.0018199
-1.0024176
-1.0000271
-1.0001088
-1.0013113
-1.0024472
-1.0026313
-1.0015705
-1.0022768
-1.0020042
-1.0020042
-1.0014478
-0.99857951
-1.0004907
-1.0023283
-1.0027949
-1.0017244
-1.0019462
-1.0031016
-1.0006028
-1.001249
-1.0011589
-1.0007048
-1.0022425
-1.0019759
-1.0016432
-1.0053411
-1.0001615
-1.0041205
-1.0019832
-1.000859
-1.0009183
-1.0021564
-1.0025455
-1.0018913
-1.0021244
-1.002434
-1.0021628
-1.0009578
-1.0029109
-1.0016846
-1.0013442
-1.0012037
-1.0008207
-1.0029874
-1.004521
-1.0005764
-1.0023242
-1.0035734
-1.0035734
-1.0031806
-1.0025192
-1.0046216
-1.0004276
-1.0017971
-1.0014798
-1.0013065
-1.0006831
-1.0010635
-1.002043
-1.001314
-1.00009
-1.0014922
-1.001806
-1.0046165
-0.99927845
-1.0029617
