1.0672774
1.0743616
1.0999533
1.0954686
1.0913723
1.0897692
1.0673699
1.0886075
1.0917029
1.0990868
1.0973984
1.0645942
1.004986
1.1022133
1.0968234
1.0941
1.0677505
1.1017908
1.0985655
1.0697391
1.0895336
1.0902291
1.0657825
1.0965257
1.0776177
1.1116242
1.0922275
1.0996886
1.0979796
1.0962486
1.0976209
1.0996012
1.0875898
0.96418582
1.0851874
1.0916958
1.1007836
1.0734662
1.0942343
1.1033687
1.0823126
1.0889132
1.0896477
1.0892473
1.0825311
1.0967408
1.0919616
1.0837711
1.0792296
1.0977191
1.0941271
1.0872217
0.97800203
1.099386
1.096245
1.096291
1.0805163
1.0948242
1.1032152
1.0600995
1.0945739
1.0939845
1.0989825
1.0979126
1.0909526
1.110679
1.0966217
1.0926829
1.0973106
1.0919522
1.0941459
1.0663512
1.0033314
1.1120224
1.063337
1.1117565
1.0724276
1.1120102
1.0957117
1.0791345
1.0663706
1.0980785
1.0998391
1.0933447
1.0914111
1.0651206
1.096073
1.092553
1.0804299
1.0800028
1.0730339
1.0321283
1.0887682
1.0958009
1.0789501
1.0966712
1.1114537
1.0655263
-1.0042895
-1.0025589
-1.0018726
-1.0035438
-1.0070153
-1.001949
-1.0040437
-1.0025433
-1.0068118
-0.99843924
-1.0008594
-1.0022629
-1.0003884
-1.0021408
-0.99979414
-1.0035996
-1.0034034
-0.99951658
-1.0037875
-1.0046826
-1.002876
-1.0046826
-1.0057762
-0.99951912
-1.0021163
-1.0038292
-1.0034889
-1.0035228
-1.0003768
-1.0055588
-1.000226
-1.0023261
-1.0016784
-0.99963472
-1.0001003
-1.0024839
-1.0033964
-1.0024064
-1.002236
-1.0029775
-1.0028827
-1.0028827
-1.001374
-0.99724125
-1.0017264
-1.0027754
-1.0033149
-1.0018494
-1.0021712
-1.0041282
-1.0001618
-1.0014407
-1.0010992
-1.0002351
-1.0029773
-1.0031582
-1.0022702
-1.00623
-1.0001603
-1.0054143
-1.002876
-1.0015055
-1.0014767
-1.0031638
-1.0029454
-1.002104
-1.0020589
-1.0026636
-1.0024022
-1.0015707
-1.0038559
-1.0024872
-1.0014266
-1.0017507
-1.0021321
-1.0039181
-1.0051748
-1.0012089
-1.0025392
-1.0043205
-1.0043205
-1.0043835
-1.0040226
-1.0062071
-1.0000163
-1.0021284
-1.001178
-1.0016833
-0.99961814
-1.000835
-1.0015636
-1.0015149
-1.0000099
-1.0028634
-1.0026044
-1.0054655
-0.9995483
-1.0031779
