1.0051103
1.0042729
1.0046747
1.0037339
1.008221
1.0024777
1.0054508
1.0051997
1.0080173
1.0009986
1.0015989
1.0025535
1.0007834
1.0025354
0.99971579
1.0044311
1.00414
0.99967571
1.0046487
1.0056365
1.0031333
1.0056365
1.0075605
1.0012724
1.0026606
1.0045721
1.0038443
1.0051323
1.0032986
1.0074251
1.0030869
1.0035006
1.0041645
0.99999813
1.000691
1.0023203
1.0042367
1.0044942
1.0029076
1.0036542
1.0035276
1.0035276
1.0027481
0.99937981
1.0011119
1.0045284
1.0041238
1.0035044
1.0038339
1.0050257
1.0017158
1.0024262
1.0022215
1.001004
1.0037782
1.0026049
1.0027071
1.0079535
1.0008634
1.0066926
1.0031333
1.0016124
1.0019897
1.004017
1.004484
1.0027336
1.0039076
1.003894
1.0038914
1.0015383
1.0050627
1.0028299
1.0018082
1.0022746
1.0013521
1.0047916
1.0064174
1.0014546
1.0041496
1.0057932
1.0057932
1.0052716
1.0044489
1.0076681
1.000428
1.0039982
1.0025996
1.0027522
1.0019782
1.0022309
1.0040598
1.0014542
1.0006656
1.0020543
1.0031002
1.0069464
0.99959663
1.0049021
-1.0636214
-1.1689648
-1.0087009
-1.1024537
-1.1692972
-1.0964883
-1.1715306
-1.1511136
-1.1155826
-1.1578629
-1.0865797
-0.98416385
-1.1985936
-1.1215144
-1.2694215
-0.86881454
-1.1545938
-0.97920685
-1.1657861
-1.1474159
-1.1166069
-1.1132947
-1.1577436
-1.0686671
-1.0653108
-1.1434746
-1.0435121
-1.1165279
-1.1624184
-1.0662025
-1.1466416
-1.0456625
-0.97811672
-1.2147933
-1.1713225
-1.2315503
-0.97548446
-1.1653356
-0.97849356
-1.1374312
-1.1842051
-1.0617401
-1.0839374
-1.052228
-1.151434
-1.1266382
-1.0843591
-1.0784649
-1.1448999
-1.0387716
-1.1684493
-1.1674189
-1.0526128
-1.2192178
-1.2150559
-1.1968227
-0.89938081
-1.1761472
-1.0630424
-1.1568072
-1.1503333
-1.0626203
-1.1258851
-1.0374215
-1.0449338
-1.1303997
-1.1142342
-1.1681745
-1.0627757
-1.1604523
-1.1596278
-1.0655144
-1.2139829
-1.1384231
-1.2522709
-1.0276693
-1.1496503
-0.98253412
-1.1595575
-1.1419678
-1.1327005
-1.1480456
-1.0543473
-1.126691
-1.1874544
-1.1011681
-1.0589964
-1.0522789
-1.1459531
-1.171494
-1.1156431
-1.2093947
-1.199266
-1.2321413
-0.98501193
-1.154756
-0.96513371
-1.161466
