0.92318222
0.92775949
1.0026741
0.90673916
0.88493382
0.80459041
0.82151869
0.93938536
0.91778568
0.83613082
0.82575013
0.74445484
0.77935387
0.82448492
0.82900402
0.92009128
0.88690012
1.0053664
0.86976718
0.95872778
0.864057
0.95872778
0.91258768
0.9375745
1.0389945
0.86796059
0.80507709
0.90431406
0.88351012
0.91517374
0.81183797
0.91400037
0.81993799
0.73667788
0.85100236
0.83203881
0.79902269
0.93772725
0.9458425
0.82492094
0.87698097
0.87698097
0.89266901
0.92232011
1.0206183
0.86653686
0.95812161
0.91093035
0.89802125
0.83741296
0.86945507
0.84621743
0.87529824
0.72359994
0.79521118
0.82855828
0.8123923
0.91527299
1.0343428
0.85053969
0.864057
0.88309086
1.0277755
0.88015353
0.9514661
0.89046261
0.81058434
0.8963379
0.86755797
0.86790797
0.84110436
0.8459515
0.82603197
0.79860751
0.86785915
0.88223195
0.93813514
1.014204
0.9260685
0.9099238
0.9099238
0.94376498
1.0293502
1.075611
0.95475355
0.83175326
0.87040153
0.86170324
0.82358879
0.89909337
0.93485249
0.78247471
0.78194444
0.77710662
0.75811943
0.87629352
0.871413
0.8645259
0.92306046
0.66332386
0.67117906
0.5780638
0.63101268
0.6123418
0.6589652
0.59935909
0.55934035
0.58348671
0.65414719
0.62705754
0.5844866
0.8543472
0.59149594
0.6371097
0.58819987
0.63404538
0.71272779
0.63258105
0.70282912
0.62561137
0.66825722
0.6708125
0.54551306
0.56627779
0.58494038
0.63860321
0.56353603
0.58300163
0.55104618
0.54541717
0.58971977
0.5682808
0.88502467
0.67129913
0.62613508
0.58281073
0.62243189
0.68792396
0.65220678
0.54933451
0.63807523
0.51252202
0.5946316
0.5751716
0.61338535
0.5513571
0.6257346
0.57722504
0.6092519
0.61770796
0.58964413
0.88732305
0.60696542
0.58599819
0.59293781
0.66325119
0.67702531
0.62493884
0.69858198
0.5721821
0.64962914
0.57738685
0.57014659
0.59519142
0.56691419
0.5251221
0.60720116
0.57090602
0.60284557
0.62775052
0.60082203
0.8259975
0.59225838
0.67408192
0.59710481
0.6675224
0.62079129
0.59829338
0.66844604
0.68772125
0.62856566
0.60230969
0.62176991
0.63436585
0.6016196
0.64176638
0.55190576
0.62488292
0.63710484
0.55775597
0.78663763
0.57076062
0.62232215
0.67255054
0.61358599
0.59041496
0.74145894
