-0.91738838
-0.92204463
-0.96327601
-0.99403169
-0.97446372
-0.8831397
-0.9544845
-0.92306929
-0.9609386
-0.91437803
-0.93572065
-0.94408833
-0.93527056
-0.92405791
-0.9384566
-0.96155177
-0.94254958
-0.89836343
-0.94472177
-0.91155015
-0.92013919
-0.94317055
-0.94007946
-0.98975754
-0.95355562
-0.92587136
-0.94441809
-0.94155056
-0.93708351
-0.92335755
-0.94892698
-0.93737853
-0.93861248
-0.93586647
-0.95043788
-0.94088363
-0.8995116
-0.94794387
-0.93643077
-0.93697261
-0.94963471
-0.99551341
-0.93483624
-0.91621674
-0.93047115
-0.90949689
-0.96279944
-0.91118959
-0.92970565
-0.94314342
-0.94272257
-0.94149898
-0.92608037
-0.93273228
-0.93596379
-0.92296102
-0.94685846
-0.90801784
-0.95059745
-0.92729169
-0.99367377
-0.93570973
-0.92708385
-0.94698026
-0.92002001
-0.94109566
-0.92501136
-0.94588605
-0.94714548
-0.92802972
-0.93327742
-0.93450856
-0.95091122
-0.97724395
-0.9283755
-0.9156461
-0.94135131
-0.90932409
-0.93753657
-0.95680369
-0.97886526
-0.93498979
-0.91342482
-0.92193813
-0.90226633
-0.94908526
-0.91235273
-0.92499796
-0.93229453
-0.9259449
-0.93876221
-0.934369
-0.94350505
-0.94577713
-0.9471899
-0.90239643
-0.95882586
-0.98155054
-0.96406405
-0.95086696
-0.95806467
-0.96743451
-0.98151153
-0.97272144
-0.99466431
-0.98299846
-0.96827647
-0.9673359
-0.97062539
-0.97122307
-0.97527305
-0.98845213
-0.97222995
-0.96178306
-0.97483728
-0.97747558
-0.99789076
-0.97747558
-0.97552106
-0.97667446
-0.9985239
-0.95582902
-0.97885463
-0.95727482
-0.97494055
-0.97821479
-0.96032852
-0.98241898
-0.96776516
-0.93929458
-0.97968822
-0.95360641
-0.97786704
-0.95441314
-0.97206005
-0.98204617
-0.96748564
-0.96748564
-0.96176507
-0.96454714
-1.0001772
-0.97386775
-0.97765253
-0.95362201
-0.97742342
-0.97154193
-0.95645574
-0.96689872
-0.96387079
-0.95313325
-0.98433417
-0.96679842
-0.95868905
-0.95713774
-0.9968068
-0.98455944
-0.99789076
-0.96144372
-0.98862481
-0.96693586
-0.97699676
-0.96201228
-0.97371675
-0.95916491
-0.99057255
-0.95443349
-0.97687227
-0.97162286
-0.97788714
-0.99027659
-0.96953952
-0.97230677
-0.9768309
-0.96305784
-0.97768064
-0.97309079
-0.97309079
-0.98130922
-0.98901004
-0.98958146
-0.96506882
-0.98372597
-0.94835782
-0.96959865
-0.98388873
-0.96565571
-0.97958949
-0.97328412
-0.97354263
-0.97475823
-0.97214893
-0.98165747
-0.96191938
-0.98324889
-0.96517602
