1.0769876
1.0297316
1.0416401
1.0884291
1.0877344
1.102841
1.0634883
1.0512193
1.0564608
1.0831005
1.0723759
1.1182456
1.1019296
1.0830008
1.0879633
1.0333487
1.0701153
1.0422992
1.0700162
1.0324416
1.0378112
1.0324416
1.0424798
1.0408076
0.96108786
1.0851815
1.0874747
1.0759601
1.0590554
1.0406812
1.1182324
1.0369367
1.0845335
1.1355023
1.0620157
1.1188489
1.100409
1.0753988
1.0413926
1.0687239
1.0755126
1.0755126
1.0815371
1.0660864
0.96720141
1.0758356
1.033868
1.0819195
1.0703109
1.0824108
1.1086773
1.0866129
1.0640867
1.1108209
1.0766087
1.0928307
1.0872187
1.0829173
0.94846343
1.057376
1.0378112
1.0869619
0.98226932
1.0766752
1.0307157
1.0763163
1.0959779
1.0766776
1.0845849
1.0983505
1.0766465
1.0497077
1.0543003
1.0759185
1.0873904
1.0674052
1.032088
1.005709
1.021559
1.0535051
1.0535051
1.0269082
0.98878367
0.96660145
1.0506222
1.0729856
1.095045
1.0520751
1.112081
1.0778006
1.0312197
1.0840521
1.0887541
1.0790573
1.1224169
1.0574343
1.0907552
1.0524797
1.0532027
-1.0044236
-1.0028091
-1.0022558
-1.0034951
-1.0073354
-1.0019755
-1.0042085
-1.0029775
-1.0070537
-0.99852334
-1.0006874
-1.00206
-0.99994841
-1.0019438
-0.99939101
-1.0036205
-1.0034585
-0.99916414
-1.0039353
-1.0049066
-1.0028986
-1.0049066
-1.0061476
-0.99964741
-1.0020522
-1.0038687
-1.0034965
-1.0036743
-1.0007923
-1.0059445
-1.0004707
-1.0023304
-1.0019914
-0.9991406
-0.99984126
-1.0021497
-1.0034402
-1.0028188
-1.0021683
-1.0030208
-1.0029667
-1.0029667
-1.0015038
-0.99724432
-1.0013231
-1.0030047
-1.00343
-1.0019753
-1.0023248
-1.0042111
-1.0000809
-1.0013863
-1.0010359
-0.9999554
-1.00289
-1.0027569
-1.002195
-1.0067676
-1.0000291
-1.0057134
-1.0028986
-1.0013363
-1.001453
-1.0032203
-1.0032072
-1.0021445
-1.002291
-1.0028269
-1.0025421
-1.0011817
-1.0039793
-1.0023027
-1.00103
-1.0015347
-1.0017237
-1.0040434
-1.0055075
-1.0009978
-1.002786
-1.0046112
-1.0046112
-1.0045351
-1.0039627
-1.0065106
-0.99982965
-1.0023682
-1.0013239
-1.0016452
-0.99977867
-1.0008091
-1.0018791
-1.0010532
-0.99983105
-1.0023649
-1.0025195
-1.0059067
-0.99920523
-1.0035475
