-0.27257518
-0.26347487
-0.15533284
-0.211855
-0.19385462
-0.24562125
-0.17832376
-0.1226673
-0.15574847
-0.23915881
-0.2037175
-0.15867761
-0.51293199
-0.16696589
-0.23444409
-0.15636362
-0.21925535
-0.32001441
-0.21456024
-0.3143629
-0.20211135
-0.25895446
-0.26649034
-0.11284893
-0.13669758
-0.15545071
-0.22008885
-0.12902704
-0.15254412
-0.11729034
-0.10296254
-0.15711745
-0.15467128
-0.55166814
-0.26864787
-0.21962717
-0.14756313
-0.2029764
-0.28482566
-0.23681829
-0.11052451
-0.22421045
-0.071914198
-0.16841919
-0.14551415
-0.19057442
-0.1118677
-0.20522747
-0.15304231
-0.18053674
-0.19462081
-0.18039822
-0.56223447
-0.17914017
-0.17146997
-0.16040122
-0.2555764
-0.27569898
-0.2067703
-0.31501139
-0.14059306
-0.23365343
-0.15221767
-0.13773521
-0.16733166
-0.12711629
-0.077620082
-0.18065648
-0.14393503
-0.17761743
-0.20823234
-0.20021438
-0.47989896
-0.16125078
-0.28819183
-0.16911019
-0.26007868
-0.19692504
-0.17177492
-0.27645418
-0.28486717
-0.2163055
-0.17830524
-0.20307935
-0.21253066
-0.17663155
-0.22835226
-0.11655475
-0.20564621
-0.2202051
-0.1467387
-0.42168401
-0.12595755
-0.20221466
-0.27403539
-0.1952928
-0.16013442
-0.37021681
-0.75831059
-0.46715674
-0.77611665
-0.63138184
-0.57424809
-0.70454183
-0.65942649
-0.58003405
-0.67838161
-0.58849373
-0.67951958
-0.88452579
-0.56561037
-0.68472013
-0.43277423
-0.90001521
-0.60198184
-0.64917547
-0.5419563
-0.63245465
-0.71139414
-0.6677096
-0.64955242
-0.67836965
-0.74859169
-0.63390844
-0.78559721
-0.61303149
-0.53134978
-0.68564969
-0.6152249
-0.77003322
-0.83829673
-0.51536287
-0.62510996
-0.50597694
-0.79688046
-0.46963576
-0.67030496
-0.62960189
-0.4607173
-0.74444721
-0.68695343
-0.76331413
-0.52143261
-0.64169278
-0.81030784
-0.72206443
-0.58930299
-0.78382889
-0.5819843
-0.57754705
-0.87859603
-0.46434764
-0.6202355
-0.5103793
-0.95607706
-0.58475322
-0.63215796
-0.56169234
-0.58591946
-0.76078197
-0.65400749
-0.71810812
-0.71215015
-0.62365105
-0.69259109
-0.6134398
-0.71629824
-0.54512409
-0.50927002
-0.74220484
-0.38732595
-0.61578955
-0.44836898
-0.69743393
-0.55407993
-0.7562106
-0.48904041
-0.51362516
-0.63416973
-0.63614997
-0.80910769
-0.65541212
-0.60795899
-0.7580522
-0.77976693
-0.79879219
-0.5988865
-0.67824975
-0.7010335
-0.50346154
-0.52569685
-0.45963754
-0.83381154
-0.48282454
-0.7904255
-0.52785359
