-0.81046087
-0.83401257
-0.84911058
-0.92244572
-0.87169041
-0.7922602
-0.85062349
-0.82594564
-0.88154268
-0.81593426
-0.76758191
-0.78121109
-0.80062365
-0.75134623
-0.7846272
-0.86011244
-0.85326542
-0.76919399
-0.86438967
-0.78749392
-0.78883596
-0.85762927
-0.8256027
-0.93164127
-0.88117839
-0.81241883
-0.86063586
-0.82816739
-0.80613253
-0.79230899
-0.77707126
-0.78848393
-0.79714108
-0.75709535
-0.79742012
-0.85005415
-0.77643324
-0.85406723
-0.80657093
-0.81451262
-0.85527878
-0.89475986
-0.84119963
-0.8131558
-0.84755875
-0.82155771
-0.87771476
-0.80007292
-0.7724106
-0.77620442
-0.80143337
-0.81356398
-0.76127164
-0.76046716
-0.81185779
-0.81582252
-0.86009309
-0.82886274
-0.8313397
-0.81534103
-0.90660555
-0.8509035
-0.84439646
-0.83944491
-0.80662256
-0.84719314
-0.81358447
-0.80542241
-0.78000817
-0.76626953
-0.80377638
-0.75551894
-0.78190063
-0.87776564
-0.79958479
-0.79828443
-0.85207462
-0.80522327
-0.83653838
-0.8343524
-0.91976176
-0.83688793
-0.82735243
-0.83072223
-0.79440915
-0.81334396
-0.80236494
-0.76782042
-0.76375022
-0.77446267
-0.76942036
-0.76666509
-0.78164732
-0.83207101
-0.84983225
-0.77914438
-0.92671248
-0.84472246
-0.97173345
-0.87446111
-0.84026877
-0.9036647
-0.84331015
-0.86886974
-0.87974655
-0.86835874
-0.8886281
-0.97161304
-0.86065505
-0.88135817
-0.78604074
-1.0479304
-0.8367069
-0.95166812
-0.83408981
-0.86505555
-0.89072979
-0.8807648
-0.88254618
-0.92506971
-0.90233651
-0.84726001
-0.93727471
-0.87795097
-0.87396488
-0.91602412
-0.88143948
-0.92621663
-0.98536567
-0.83774044
-0.8540572
-0.82497058
-0.9703686
-0.82900947
-0.95699876
-0.85770962
-0.85373177
-0.91772485
-0.92701405
-0.93415115
-0.82898012
-0.86372523
-0.90976868
-0.91183348
-0.8809086
-0.93088599
-0.84111254
-0.83376938
-0.93380935
-0.85054642
-0.83808641
-0.85750474
-1.0467535
-0.82793796
-0.90281943
-0.85182978
-0.86152038
-0.93785502
-0.89383185
-0.93790254
-0.9221069
-0.8683905
-0.90730926
-0.85791023
-0.93036515
-0.85259335
-0.85852092
-0.91462313
-0.78322099
-0.86456303
-0.80553342
-0.94276591
-0.84035574
-0.94753868
-0.8461278
-0.87304016
-0.87714565
-0.8747819
-0.93889301
-0.8742816
-0.81932863
-0.92144076
-0.91854151
-0.93830419
-0.84741414
-0.84812768
-0.87491052
-0.83271501
-0.81048359
-0.82335127
-0.96455813
-0.84046433
-0.96812532
-0.84062705
