-0.51818879
-0.44595382
-0.61544252
-0.49918215
-0.57405721
-0.3939165
-0.57052931
-0.49695731
-0.56038025
-0.48761692
-0.75071565
-0.76625876
-0.67103401
-0.73706646
-0.72500618
-0.58221111
-0.50948816
-0.54942027
-0.49313304
-0.57476926
-0.60812361
-0.47456387
-0.55235599
-0.45980766
-0.48962247
-0.57719998
-0.49264333
-0.59058632
-0.59741458
-0.62924414
-0.80498178
-0.67759084
-0.67177676
-0.76931425
-0.7402386
-0.51096347
-0.53535678
-0.53715196
-0.63682013
-0.59710554
-0.515592
-0.61674409
-0.52210988
-0.51128155
-0.46985865
-0.44803657
-0.58507139
-0.56315111
-0.69200694
-0.76863987
-0.67567001
-0.62623233
-0.70620272
-0.7245664
-0.60811585
-0.54314323
-0.52632332
-0.42819664
-0.6175342
-0.53972097
-0.56463663
-0.48140687
-0.51408518
-0.55206837
-0.53168225
-0.54021447
-0.55673198
-0.67224696
-0.76257746
-0.72300614
-0.64932737
-0.79346721
-0.77611313
-0.60258879
-0.59266428
-0.55117455
-0.51588394
-0.49662438
-0.53384131
-0.61694009
-0.46330177
-0.53810432
-0.46913441
-0.46023894
-0.49062539
-0.63461778
-0.54353563
-0.67310213
-0.76303316
-0.67320521
-0.74830499
-0.74610985
-0.73480303
-0.58596681
-0.52942326
-0.54977732
-0.86364515
-0.81615139
-0.93563381
-0.85512881
-0.88873857
-0.8209644
-0.91366575
-0.94356985
-0.91956687
-0.82287717
-0.85283412
-0.93089533
-0.65774134
-0.90808496
-0.8751116
-0.9024575
-0.86677842
-0.7657732
-0.85344994
-0.80114634
-0.85804793
-0.81271918
-0.82600322
-0.97250656
-0.94951381
-0.90712785
-0.84451107
-0.93748842
-0.91263695
-0.9608655
-0.95336863
-0.8970613
-0.97283492
-0.63514698
-0.8216215
-0.88797636
-0.90292553
-0.87553614
-0.79037941
-0.82399893
-0.9590439
-0.85497854
-1.0151127
-0.90469743
-0.93284917
-0.87697472
-0.95111628
-0.86477386
-0.94077145
-0.87272376
-0.86995303
-0.94552446
-0.64211795
-0.87721381
-0.93828167
-0.89265731
-0.82715608
-0.81169655
-0.86429684
-0.82071443
-0.93037478
-0.83007457
-0.93264911
-0.9308989
-0.90006067
-0.91811253
-0.97836753
-0.88140045
-0.9400907
-0.89164022
-0.85993121
-0.95021825
-0.69669167
-0.89149928
-0.85602068
-0.88892662
-0.82322041
-0.85754952
-0.89565251
-0.84871952
-0.8001916
-0.87171147
-0.89234366
-0.87200495
-0.84557293
-0.90328415
-0.84704168
-0.95763788
-0.86984472
-0.85384915
-1.0002092
-0.71751951
-0.90938712
-0.86693145
-0.82912244
-0.88507889
-0.89654598
-0.77025905
