0.94851677
0.94167718
0.91942397
0.95170033
0.96084984
0.98337424
0.97087148
0.93921096
0.9340351
0.96712319
0.97727215
0.99639351
0.98423835
0.96969598
0.97400747
0.93698702
0.9521875
0.92169822
0.96116544
0.9336083
0.95585308
0.9336083
0.94714962
0.93687584
0.9033433
0.96422776
0.98055039
0.95027268
0.9555822
0.94635511
0.98121287
0.94506822
0.97423677
1.0049979
0.96026689
0.97856724
0.97816744
0.94258708
0.93516248
0.97238072
0.96049858
0.96049858
0.95703819
0.94519753
0.90808412
0.96203366
0.93356246
0.95014899
0.95105817
0.97252103
0.96539361
0.96905455
0.95715308
1.0079177
0.97603414
0.97543307
0.98222648
0.94895889
0.89874596
0.96469262
0.95585308
0.95993411
0.90719269
0.95624116
0.93038505
0.95430543
0.98011195
0.95215059
0.94993461
0.96711841
0.96821501
0.96369068
0.96821156
0.97327424
0.96107946
0.95381685
0.93683488
0.91174877
0.93567528
0.95014351
0.95014351
0.93534106
0.90674426
0.89320362
0.9347272
0.97073034
0.96275711
0.96572498
0.96617445
0.95214178
0.93784759
0.98358566
0.98355991
0.9859935
0.9947003
0.95357707
0.96095915
0.95783202
0.94103679
0.89780451
0.97176892
0.88952013
0.93113407
0.95091954
0.91294316
0.93599418
0.9426215
0.92431916
0.94160695
0.92077297
0.86737678
0.94788476
0.91988947
0.98175754
0.8523765
0.94404386
0.91070437
0.95570142
0.93387913
0.91514681
0.92207632
0.92933477
0.91508651
0.90769996
0.93829412
0.89396387
0.93573329
0.95257956
0.91531218
0.93425712
0.89667665
0.87077465
0.96275158
0.93711708
0.96796663
0.88533926
0.97239332
0.9090245
0.93361215
0.96936541
0.90100614
0.91494633
0.8973779
0.96171486
0.9333042
0.89213779
0.90767715
0.9393545
0.8953726
0.94861962
0.95092946
0.87458
0.97042722
0.94216153
0.96141921
0.84143331
0.9500318
0.92619453
0.94960754
0.94373231
0.89537572
0.92641784
0.90629346
0.90868375
0.93692749
0.91504606
0.94023266
0.90714112
0.95560231
0.95756608
0.90416963
0.99873451
0.93684238
0.97564269
0.90920292
0.95451486
0.89274484
0.9615274
0.95685644
0.93068688
0.9333206
0.88917655
0.92954982
0.94701366
0.89850218
0.89520962
0.88921325
0.9434298
0.92949587
0.91862156
0.96664
0.96349677
0.97749679
0.87938822
0.96625161
0.88420854
0.955802
