0.60227476
0.069572367
0.84283329
0.88435921
1.1989285
0.84658615
0.45525424
0.53201089
0.98543526
0.73537999
0.98898266
0.76825456
-0.12845985
0.98177147
-1.0202533
0.35868158
0.33278318
-0.75367817
0.37331099
0.18687008
0.8759632
0.95887465
0.88333386
1.2000626
1.1778337
0.84203162
0.41900884
0.51892709
0.98620468
0.7320948
0.989574
0.76263236
-0.11026258
0.97408935
-0.56964078
0.15851024
0.1085537
-0.81410637
0.38679637
0.88024585
0.96863382
0.87871624
1.1733475
0.86753561
0.46472692
0.52175604
0.97707135
0.71459419
0.97928218
0.78661119
-0.11411993
1.1440344
-1.003648
-0.55951164
0.22259538
0.10999791
-0.80868639
0.5052753
0.86761734
0.96085794
0.87670733
1.0760748
0.73057804
0.49318831
0.48166558
1.0067692
0.5442808
0.97147186
0.59756446
-0.28781332
0.93257174
-1.4826476
-0.70787959
0.22316306
0.048279243
-1.3220685
0.48664137
0.051918111
0.82078361
0.87225698
0.78811881
1.0821094
0.74352378
0.51242065
0.48223479
1.0166894
0.53524587
0.9821174
0.60300263
-0.26257907
1.0569925
-1.4507984
-0.77158972
0.032413849
0.065532656
-1.3820409
0.49748199
0.076659217
0.82776883
0.89910704
-0.39068182
-0.13581149
0.10361599
-0.63308248
-0.69086463
-1.1836758
-1.0161577
-0.74947558
-0.70150063
-0.84369063
-1.1336219
-0.90469334
-1.0738599
-1.5970008
-1.0169466
-1.0169466
-1.0933065
-0.40210879
-0.40960363
-0.39147846
-0.14122938
0.079574549
-1.1438612
-0.64915629
-0.68526865
-1.1797374
-1.0806889
-0.74734544
-0.70770011
-0.85274589
-1.1508311
-0.88000853
-1.0484048
-1.6119655
-1.0143743
-1.1409692
-1.4160007
-0.63317829
-0.63288332
-0.52490247
-0.25164599
0.13309649
-1.2305249
-0.83743415
-0.88454189
-1.3707531
-1.1493005
-1.1618241
-1.0771256
-1.0123307
-1.8719752
-1.0508423
-1.3613097
-1.8230672
-1.1626945
-1.1626945
-1.4035141
-0.66041285
-0.65157994
-0.51731152
-0.2473223
0.10501028
-1.1943793
-0.84265287
-0.89395602
-1.3756956
-1.217532
-1.1351124
-1.070698
-1.0059691
-1.8522759
-1.0257985
-1.3871023
-1.939192
-1.0223622
-1.255685
-0.41098106
-0.38034955
-0.42032154
-0.13867969
0.10037737
-1.1713302
-0.63850337
-0.6943016
-1.1802739
-1.0605218
-0.74684475
-0.69377516
-0.84741366
-1.1263969
-0.8837135
-1.1012718
-1.6052457
-1.0134165
-1.0180457
-1.0134165
-1.1091512
-0.41175535
-0.39393214
-0.39108785
-0.13570911
0.083073684
-1.2680152
-0.61755451
-0.85380081
-1.1878794
-1.0577094
-0.72692272
-0.70450458
-0.82756623
-1.1298369
-0.88615606
-1.1050513
-1.6164933
-1.0198392
-1.0198392
-1.1016403
-0.39285363
-0.41658206
-0.39808643
-0.15365
0.079100214
-1.1401473
-0.6248509
-0.8483059
-1.1871201
-1.065501
-0.75066279
-0.72570017
-0.84711401
-1.4159173
-0.87866275
-1.032882
-1.6296673
-1.0180457
-1.1466956
-1.4137559
-0.65122109
-0.61914804
-0.49340793
-0.2432367
0.1107102
-0.83727088
-0.91020674
-1.3554646
-1.1613651
-1.2218822
-1.0697565
-1.018298
-1.8595357
-1.0349714
-1.2856328
-1.8434503
-1.135998
-1.135998
-1.4088779
-0.64832179
-0.63836822
-0.49510238
-0.26387519
0.10595119
-1.1984972
-0.82696625
-0.89098109
-1.3641682
-1.2159817
-1.1284414
-1.0486929
-1.0180965
-1.8592747
-1.0800917
-1.3935172
-1.8127566
0.58240623
0.47290031
0.88731485
0.67576383
0.6884069
0.85072462
0.90828265
-0.043112217
0.32842108
0.64370343
0.12477799
-0.68418478
0.53094322
-0.2326161
0.4567452
0.48225321
1.1088961
1.2000777
1.0112948
0.40666286
0.58212212
0.47493549
0.88279613
0.68562049
0.68469738
0.85175706
0.91528211
-0.073552765
0.31521685
0.63746584
0.21923213
-0.67298378
0.52514519
-0.23072917
0.45119727
0.47918321
1.0891294
1.1700905
0.99689304
0.36239944
0.55243525
0.35531898
0.86485177
0.66004287
0.64665434
0.8280543
0.88867319
-0.19435977
0.29775981
0.6093984
0.045667429
-0.29061768
0.51835991
-0.32855265
0.46722684
1.0878999
1.1860484
1.0249944
0.36884575
0.56610158
0.38287698
0.88642432
0.66983347
0.64458054
0.846182
0.88373483
-0.19211477
0.2520008
0.60257428
0.12289762
-0.84669502
0.5105883
0.37059259
1.134666
1.1984254
1.023234
0.40875914
0.58844685
0.4732688
0.84856293
0.68103751
0.69116816
0.85311841
0.91287831
-0.065491111
0.33218359
0.63198334
0.075212797
-0.51784662
0.53082471
-0.23537825
0.45560286
0.48120145
1.0949969
1.1234216
1.2037593
1.0248955
0.40082905
0.57530166
0.47579815
0.88761614
0.66884034
0.69752393
0.85756955
0.89892052
-0.058406987
0.33263316
0.6248742
0.15545957
-0.49542315
0.52982754
-0.21537104
0.48358677
1.1111629
1.2015193
1.0246323
0.41607171
0.57888033
0.47707711
0.89236077
0.68132789
0.70143356
0.86834629
0.92444661
-0.060710515
0.2953998
0.63621277
0.063264415
-0.51114109
0.58571854
-0.22852712
0.45319052
0.4734494
1.1149182
1.1791255
1.0067415
0.36754489
0.56110772
0.37203971
0.88177572
0.66847405
0.64984259
0.82749073
0.87588336
-0.1856944
0.29566297
0.60746534
-0.010309077
-0.81915797
0.58653716
-0.34265431
0.37065586
1.1124241
1.1812556
1.014922
0.36260364
0.55315587
0.37625529
0.87799852
0.66801631
0.65053481
0.83218445
0.88910316
-0.17690378
0.25173431
-0.055470012
-0.64791065
0.5499132
-0.33507468
0.36358021
-0.08071887
0.52752902
1.0722235
0.32769805
0.64230135
-0.17636778
0.43819733
0.17255917
-0.9364398
-1.2809088
-1.0156491
0.21096088
0.48830305
0.092058821
0.38729988
0.69331317
0.69331317
0.70556077
0.38664211
0.84422289
-0.056249356
0.53843248
1.0676567
0.29026116
0.64637535
-0.14661697
0.45058577
0.16014508
-0.93488317
-1.2552372
-1.0127649
0.21890606
0.48217567
0.065325511
0.37865871
0.69247518
0.55954132
0.82539523
0.7480712
-0.071795923
0.46043488
1.0776841
0.34339896
0.51669113
-0.32741511
0.43365553
0.064277987
-1.7189812
-1.7191686
-1.3590947
0.34646828
0.41063796
0.32268365
0.22667407
0.54268378
0.54268378
0.84106802
0.72683057
-0.076767715
0.45359155
1.0817114
0.34535059
0.53746508
-0.30033758
0.4410518
0.0086377189
-1.6249367
-1.6937716
-1.3198742
0.32536791
0.4048773
0.31133882
0.21854891
0.68042408
0.70346543
0.40840893
0.83666673
-0.12411307
0.53156946
1.1038954
0.29763043
0.6598743
-0.1497704
0.47708481
0.20556882
-0.95253465
-1.2494731
-1.0192442
0.24225992
0.54193492
0.064495037
0.37413169
0.6748468
0.69517228
0.6748468
0.68609471
0.3461496
0.85665791
-0.060484582
0.54702528
1.0886515
0.29996255
0.62461187
-0.15892027
0.45902879
0.19974556
-0.94732938
-1.242033
-1.0535871
0.22591433
0.48567089
0.091974629
0.36389746
0.70565316
0.70565316
0.69698586
0.34145829
0.84467629
-0.07715495
0.53644324
1.0736212
0.28519222
0.64483841
-0.18117592
0.42663668
0.20009625
-0.94426708
-1.2448408
-0.97281542
0.24027477
0.55038019
0.10375971
0.36498317
0.69517228
0.55610256
0.81604719
0.72357057
-0.11161705
0.46487091
1.0775543
0.34176505
0.55115222
-0.32667653
0.44218439
0.077118869
-1.5817802
-1.7095311
-1.3176721
0.33861104
0.39111636
0.32275861
0.2508894
-0.3693085
-0.3693085
0.84645482
0.75205101
-0.09739475
0.43482828
1.0637162
0.35010552
0.54002723
-0.32848295
0.43113832
0.035943007
-1.5893388
-1.7368446
-1.3729579
0.31106304
0.38814472
0.30847856
0.23174667
-0.77289394
-0.022718193
0.19406492
-0.26327126
-0.23205415
-0.41098577
-0.60805171
0.63971336
-0.13565931
-0.70872045
0.010635148
-0.67170838
-0.065455816
-1.2423415
-0.8416781
0.55052781
0.20004668
-0.36598286
-0.22649558
-0.069039716
-0.77073197
-0.033087223
0.21679447
-0.26692798
-0.28396182
-0.41822593
-0.59413146
0.63181642
-0.077992789
-0.72280005
0.037153099
-0.66613325
-0.088999876
-1.23443
-0.8472971
0.5565508
0.087107789
-0.66061958
-0.24169171
-0.06096083
-0.73311507
-0.0028250294
0.22475764
-0.42396275
-0.29376869
-0.6828324
-0.94442861
-0.0064377032
-0.69422254
0.005738711
-0.6713293
-0.15366639
-1.3944211
-1.0547168
0.59059184
0.15881429
-0.67797716
-0.23330829
-0.11864698
-0.74138428
-0.042939841
0.21235595
-0.42346457
-0.28681899
-0.65614152
-0.98366148
-0.0085359081
-0.65652745
-0.041600737
-0.62411953
-0.18293093
-1.3906469
-1.04846
0.28087888
-0.3894792
-0.22072171
-0.058656237
-0.78938035
-0.02041491
0.20324304
-0.26151625
-0.23023569
-0.40545104
-0.59395793
0.62603585
-0.074887349
-0.73792872
0.20673414
-0.69082308
0.0056890703
-1.215224
-0.86443104
0.5751663
0.25513519
0.32700638
-0.37586308
-0.21395613
-0.15425513
-0.76991763
-0.16816692
0.34762984
-0.25319681
-0.24196562
-0.41209309
-0.60145406
0.7219919
-0.13301752
-0.73196508
0.0021264286
-0.65858396
-0.21245214
-1.2456229
-0.85538384
0.56866424
0.32432797
-0.39283204
-0.22110784
0.025920714
-0.7994683
-0.071791548
0.35460511
-0.24819546
-0.23141541
-0.41517014
-0.60869366
0.64828412
-0.084605066
-0.75150833
0.038732823
-0.65782739
0.0044468221
-1.2364017
-0.85541389
0.56606899
0.19493594
-0.68909259
-0.22614369
-0.05675217
-0.74095139
-0.00065009291
0.22074707
-0.40621991
-0.29541202
-0.66526599
-0.99842546
-0.058708602
-0.68234719
0.18011849
-0.65115568
-0.15708618
-1.4146065
-1.0478747
0.6257282
0.20562579
-0.66894884
-0.21465786
-0.14167375
-0.73688676
-0.014823543
0.34767568
-0.42727526
-0.27624242
-0.69643133
-0.99061635
-0.044401504
-0.67584472
-0.039528523
-0.6454597
-0.11851046
-1.4301673
-1.0616445
