42 
53 
53 
50 
43 
41 
35 
42 
72 
48 
101 
73 
69 
99 
65 
54 
40 
65 
33 
46 
38 
51 
55 
49 
43 
34 
38 
44 
61 
49 
96 
69 
73 
81 
80 
57 
37 
53 
32 
43 
53 
58 
53 
48 
39 
45 
42 
80 
47 
95 
71 
86 
86 
81 
42 
50 
44 
35 
48 
54 
55 
45 
38 
42 
44 
71 
51 
119 
88 
66 
65 
76 
78 
74 
37 
61 
45 
45 
55 
51 
59 
44 
43 
42 
53 
66 
47 
110 
94 
76 
77 
93 
58 
68 
39 
46 
41 
50 
60 
53 
43 
45 
38 
36 
66 
54 
107 
79 
85 
93 
77 
70 
47 
47 
49 
42 
40 
42 
39 
53 
52 
51 
49 
44 
67 
56 
93 
67 
73 
74 
83 
39 
45 
43 
43 
47 
57 
59 
42 
40 
36 
45 
73 
49 
117 
98 
74 
76 
95 
63 
46 
42 
46 
40 
40 
48 
51 
37 
41 
35 
42 
62 
58 
118 
77 
78 
70 
94 
70 
68 
49 
41 
47 
37 
43 
57 
55 
52 
44 
42 
42 
68 
47 
114 
96 
65 
79 
79 
78 
77 
48 
59 
