38 
26 
31 
19 
25 
36 
31 
37 
30 
42 
58 
49 
50 
74 
47 
26 
30 
44 
33 
41 
41 
27 
32 
18 
27 
42 
30 
36 
33 
44 
61 
45 
49 
65 
51 
27 
30 
35 
34 
40 
27 
31 
19 
24 
38 
30 
36 
30 
41 
60 
42 
50 
66 
54 
30 
47 
33 
38 
28 
30 
19 
25 
36 
30 
36 
32 
39 
45 
55 
48 
52 
69 
45 
25 
30 
45 
31 
33 
28 
30 
16 
26 
39 
30 
36 
29 
40 
40 
59 
50 
49 
74 
49 
24 
36 
39 
40 
29 
27 
19 
23 
46 
33 
34 
30 
42 
53 
51 
48 
70 
50 
25 
29 
45 
31 
45 
41 
28 
33 
19 
24 
40 
31 
36 
30 
41 
63 
48 
51 
72 
45 
33 
45 
33 
40 
27 
28 
20 
25 
39 
31 
35 
30 
39 
48 
63 
46 
46 
67 
52 
32 
42 
31 
38 
27 
35 
16 
25 
39 
31 
38 
27 
42 
46 
63 
49 
53 
83 
49 
28 
32 
43 
30 
40 
29 
31 
16 
27 
40 
30 
40 
29 
40 
43 
61 
51 
52 
73 
48 
27 
31 
45 
