161 
209 
235 
241 
205 
220 
183 
218 
257 
186 
298 
244 
271 
340 
246 
336 
194 
200 
201 
161 
171 
206 
237 
245 
198 
224 
182 
217 
263 
190 
302 
246 
258 
260 
264 
342 
194 
210 
206 
167 
200 
239 
247 
196 
231 
183 
216 
326 
193 
298 
250 
270 
253 
254 
191 
195 
208 
163 
211 
200 
271 
196 
219 
176 
209 
322 
177 
443 
293 
245 
282 
338 
263 
335 
196 
203 
208 
154 
204 
190 
275 
200 
215 
177 
209 
251 
176 
437 
293 
245 
283 
333 
263 
332 
192 
191 
162 
206 
240 
246 
168 
207 
184 
211 
320 
184 
434 
243 
271 
331 
251 
327 
196 
189 
206 
165 
164 
206 
234 
256 
201 
208 
189 
215 
205 
182 
294 
246 
273 
333 
251 
195 
195 
208 
167 
203 
229 
247 
204 
209 
191 
212 
319 
182 
436 
298 
246 
260 
334 
215 
194 
197 
214 
167 
210 
234 
253 
203 
227 
176 
208 
271 
175 
437 
298 
248 
298 
346 
259 
328 
195 
193 
208 
162 
205 
203 
264 
211 
213 
176 
212 
209 
178 
389 
302 
250 
266 
343 
256 
326 
195 
190 
