3801.27 
4870.22 
5695.04 
5926.79 
4719.49 
4684.93 
4288.26 
4889.61 
6699.98 
4271.02 
7482.07 
6011.65 
6454.34 
7893.52 
6227.69 
7713.71 
4685.26 
4600.38 
4885.86 
3790.65 
3829.07 
4892.53 
5701.65 
5973.61 
4741.61 
4730.83 
4286.28 
4887.91 
6693.01 
4276.71 
7517.83 
6003.61 
6444.98 
7705.53 
6209.06 
7730.02 
4670.43 
4600.59 
4866.53 
3811.79 
4808.48 
5623.66 
5968.87 
4736.48 
4728.54 
4286.84 
4872.32 
6754.78 
4300.22 
7472.03 
5990.8 
6483.09 
7620.06 
6213.09 
4671.04 
4550.84 
4864.02 
3801.43 
4893.99 
5588.84 
6069.31 
4716.96 
4688.43 
4290.3 
4879.41 
6808.65 
4225.08 
10466.1 
7472.45 
5943.36 
6490.26 
7900.27 
6228.61 
7669.38 
4662.81 
4581.88 
4861.69 
3801.45 
4837.71 
5551.78 
6009.97 
4697.47 
4684.26 
4273.53 
4895.56 
6664.38 
4234.38 
10440.8 
7451.4 
5955.86 
6474.6 
7926.76 
6216.64 
7619.13 
4655.26 
4581.55 
3833.01 
4864.54 
5649.44 
6006.18 
4641.18 
4660.15 
4261.03 
4859.68 
6788.3 
4273.86 
10505 
5968.05 
6486.94 
7870.28 
6177.25 
7669.16 
4678.19 
4551.65 
4853.55 
3824.82 
3810.32 
4860.05 
5652 
6016.98 
4733.88 
4674.4 
4288.17 
4857.26 
6589.03 
4266.98 
7476.99 
5961.4 
6519.06 
7881.85 
6162.05 
4682.49 
4515.43 
4920.82 
3770.91 
4841.11 
5620.13 
5995.49 
4757.01 
4663.49 
4303.35 
4868.56 
6778.63 
4230.83 
10531.2 
7454.23 
5982.9 
6426.34 
7832.08 
6046.54 
4686.01 
4587.79 
4934.84 
3819.26 
4855.49 
5608 
5993.04 
4723.23 
4726.28 
4334.24 
4866.32 
6703.63 
4257.29 
10402.9 
7472.25 
5969.13 
6520.58 
7961.37 
6208.87 
7719.25 
4658.51 
4592.28 
4923.46 
3803.8 
4849.93 
5526.11 
6021.17 
4721.88 
4702.48 
4312.42 
4901.57 
6598.23 
4211.18 
10518.9 
7469.63 
5980.78 
6454.5 
7916.42 
6161.73 
7692.02 
4667.27 
4561.11 
