3469.5 
2856.84 
3723.7 
2628.3 
2941.78 
5281.63 
3872.63 
5005.3 
3676.55 
4188.64 
4612.39 
3970.12 
4122.25 
4562.16 
3675.57 
2967.5 
3722.56 
2999.77 
4281.51 
3182.28 
3551.8 
2901.13 
3632.33 
2636.54 
2976.88 
6367.2 
3605.35 
4777.84 
4339.25 
4047 
4884.55 
4222.3 
3862.45 
5523.91 
3068.3 
2734.84 
4009.1 
3592.18 
4317.36 
3215.18 
2828.81 
3462.8 
2467.99 
2703.55 
5562.63 
3050.52 
4974.32 
3323.67 
4206.75 
4894.93 
4069.13 
3335.5 
5188.06 
3050.65 
3531.06 
3864.76 
3553.18 
3858.76 
3064.56 
3653.47 
2390.98 
2844.95 
5654.93 
3287.1 
4789.18 
3718.71 
3884.72 
3874.39 
5274.77 
4412.79 
4400.39 
5862.15 
3071.71 
2527.74 
4032.32 
3170.87 
3467.96 
3026.9 
2707.02 
3895.37 
2257.67 
2923.28 
5001.44 
3267.55 
4017.96 
4010.95 
4262.91 
3804.42 
4954.51 
3812.08 
3729.24 
4842.58 
4096.78 
2725.08 
3863.63 
4194.23 
3564.74 
3015.86 
3317.68 
2466.81 
2938.77 
4844.86 
3587.41 
5816.03 
4001.52 
3752.47 
4312.78 
3689.58 
3364.1 
4805.42 
3159.72 
2662.02 
3179.42 
4122.34 
3273.78 
3529.07 
3414.23 
3456.19 
4553.59 
2473.66 
2504.75 
4305.05 
2822.87 
4759.39 
3945.71 
3543.07 
4957.87 
4359.95 
3884.66 
5976.46 
2921.68 
3808.95 
4279.39 
3669.54 
3329.52 
3170.63 
3478.39 
2248.6 
2978.92 
5414.66 
3773.15 
4683.29 
3638.89 
4094.94 
3940.16 
4744.95 
3901.89 
3753.99 
4711.93 
3782.41 
3214.9 
4561.69 
3416.21 
3572.12 
3613.76 
4040.41 
2598.15 
3339.67 
5271.76 
3878.37 
4978.09 
4201.17 
3482.31 
3931.03 
5982.44 
3725.79 
4062.09 
4789.67 
3427.59 
2682.17 
3053.66 
4670.89 
3362.8 
3676.8 
3425.9 
3475.72 
2383.94 
2495.38 
4900.99 
3272.02 
4968.99 
3885.09 
4225.71 
4007.23 
4837.29 
4488.73 
3656.92 
5657.96 
3104.94 
2455.11 
3143.87 
3282.33 
