155.845 
154.273 
157.694 
159.456 
149.249 
143.923 
155.503 
152.445 
150.385 
151.339 
156.077 
156.791 
152.284 
156.447 
155.512 
148.518 
153.531 
150.875 
145.687 
154.267 
155.117 
154.786 
154.882 
155.661 
152.071 
144.759 
152.533 
151.253 
151.654 
150.126 
155.646 
155.837 
153.872 
167.173 
152.25 
148.444 
153.407 
148.876 
151.655 
153.072 
157.64 
156.946 
157.777 
152.087 
142.381 
154.82 
155.685 
143.982 
147.181 
156.426 
157.148 
152.181 
169.545 
153.697 
154.267 
154.595 
148.726 
152.736 
152.232 
160.78 
150.406 
156.505 
147.959 
157.517 
154.325 
139.307 
150.441 
155.165 
157.703 
159.188 
153.475 
157.683 
155.008 
150.875 
155.041 
143.714 
150.889 
156.169 
155.662 
164.847 
145.891 
154.135 
149.898 
159.492 
153.708 
154.912 
155.915 
153.771 
157.737 
158.147 
152.912 
158.096 
154.065 
151.527 
155.422 
154.717 
153.735 
155.607 
154.892 
156.833 
160.482 
152.821 
154.136 
153.393 
142.922 
152.859 
157.963 
157.403 
151.993 
157.29 
152.215 
150.239 
151.658 
157.73 
150.442 
153.309 
154.878 
156.267 
157.278 
152.18 
148.841 
151.25 
151.693 
154.744 
163.146 
153.181 
157.456 
157.569 
151.648 
158.48 
154.546 
150.61 
156.369 
151.154 
154.545 
157.315 
157.891 
156.433 
150.922 
152.201 
149.037 
152.538 
142.981 
151.434 
159.619 
157.111 
155.61 
152.6 
157.066 
159.493 
152.541 
151.609 
148.752 
148.82 
154.162 
154.59 
155.02 
151.419 
140.581 
157.511 
157.115 
148.266 
153.92 
155.556 
157.708 
158.625 
146.49 
154.087 
158.042 
150.963 
156.564 
154.824 
150.212 
153.235 
153.151 
160.517 
149.894 
149.924 
146.559 
155.466 
154.104 
162.89 
153.629 
161.722 
154.669 
157.452 
157.019 
153.525 
158.285 
152.988 
154 
155.642 
