166.605 
165 
164.323 
155.211 
165.16 
165.778 
163.065 
166.946 
165.533 
167.357 
171.172 
172.367 
172.7 
174.108 
171.702 
164.577 
165.467 
167.795 
164.091 
170.951 
171.244 
165.963 
168.875 
153.111 
165.741 
167.619 
166.267 
166.417 
164.364 
168.341 
174 
170.711 
171.898 
174.385 
171.431 
166.333 
165.433 
167.086 
166.176 
168.45 
164.741 
163.323 
155.684 
162.875 
166.316 
166.267 
165.417 
165.333 
170.122 
172.883 
167.881 
172.76 
172.061 
171.519 
165.633 
171.404 
165.121 
167.211 
162.607 
165.1 
154.158 
165.04 
165.806 
165.4 
166.361 
168.688 
169.026 
171.244 
172.127 
170.875 
173.038 
174.522 
171.267 
163.52 
164.733 
171.044 
163.452 
165.212 
163.821 
164.567 
157.562 
164.654 
168.462 
165.3 
165.75 
164.207 
169.325 
169.375 
173.475 
172.32 
171 
174.054 
171.082 
162.333 
166.083 
169.436 
167.8 
164.207 
164.074 
155 
159.304 
169.326 
163.818 
166.118 
164.367 
167.31 
172.396 
171.02 
170.333 
174.429 
172.6 
164.48 
164 
170.844 
163.065 
170.711 
170.244 
161.643 
165.424 
155.526 
161.833 
168.775 
163.097 
165.917 
165.367 
170.512 
171.73 
169.958 
171.294 
173.694 
170.4 
164.818 
170.489 
164.303 
168.65 
166.556 
161.5 
158.75 
165.52 
168 
165.387 
166.486 
164.9 
169.59 
170.896 
171.841 
169.196 
168.87 
173.358 
172.827 
168.875 
168.119 
164.387 
166.974 
166.185 
167.286 
157.75 
164.16 
168.923 
163.677 
167.053 
166.074 
167.524 
168.87 
171.349 
171.918 
172.226 
175.542 
171.102 
162.464 
168.594 
168.86 
164.667 
168.375 
165.414 
163.452 
157.5 
166.519 
168.3 
164.667 
169.2 
165 
168.525 
170.488 
174.049 
171.353 
172.769 
174.384 
170.771 
166.444 
163.742 
170.489 
