0.4 
0.358974 
0.472222 
0.388889 
0.34375 
0.322581 
0.346154 
0.555556 
0.531915 
0.411765 
0.246914 
0.258621 
0.682927 
0.2375 
0.444444 
0.459459 
0.290323 
0.354167 
0.375 
0.483871 
0.52 
0.416667 
0.617647 
0.4 
0.34375 
0.478261 
0.310345 
0.222222 
0.605263 
0.361111 
0.230769 
0.254545 
0.489796 
0.285714 
0.454545 
0.461538 
0.541667 
0.394737 
0.52381 
0.482759 
0.292683 
0.45 
0.325 
0.333333 
0.444444 
0.285714 
0.555556 
0.428571 
0.342857 
0.25 
0.42 
0.535714 
0.482759 
0.421053 
0.4 
0.470588 
0.375 
0.458333 
0.411765 
0.384615 
0.375 
0.285714 
0.461538 
0.4 
0.419355 
0.44898 
0.342105 
0.45122 
0.239437 
0.404255 
0.547619 
0.433962 
0.471698 
0.45098 
0.541667 
0.297872 
0.323529 
0.25 
0.341463 
0.378378 
0.372093 
0.333333 
0.433333 
0.4 
0.261905 
0.346939 
0.62069 
0.392405 
0.27027 
0.206349 
0.45283 
0.24 
0.487179 
0.387755 
0.444444 
0.483871 
0.28125 
0.282051 
0.5 
0.514286 
0.482759 
0.285714 
0.407407 
0.285714 
0.404255 
0.5 
0.426667 
0.316667 
0.349206 
0.24 
0.4 
0.372549 
0.516129 
0.382353 
0.324324 
0.448276 
0.481481 
0.354839 
0.5 
0.472222 
0.209302 
0.275 
0.25641 
0.294118 
0.395833 
0.365854 
0.256757 
0.313725 
0.403846 
0.423077 
0.383333 
0.392857 
0.551724 
0.482759 
0.535714 
0.424242 
0.390244 
0.552632 
0.235294 
0.37931 
0.333333 
0.551724 
0.431373 
0.441176 
0.4625 
0.195122 
0.48 
0.407407 
0.30137 
0.465116 
0.393939 
0.555556 
0.393939 
0.666667 
0.428571 
0.6 
0.5 
0.48 
0.518519 
0.346154 
0.448276 
0.55 
0.288889 
0.45679 
0.425926 
0.529412 
0.428571 
0.342857 
0.428571 
0.446809 
0.361111 
0.322581 
0.382353 
0.321429 
0.482759 
0.357143 
0.447368 
0.238095 
0.419355 
0.3125 
0.4 
0.416667 
0.566667 
0.425 
0.246753 
0.25 
0.436364 
0.436364 
0.471698 
0.375 
0.411765 
0.552632 
