31.2 
18 
17.0769 
29.125 
11.8125 
17.3333 
17.3 
26.25 
31.125 
14.5 
28.8 
16.4286 
15.9375 
21.6667 
17.9231 
12.44 
15.1667 
17.1818 
10.8235 
31.2 
23.4286 
17.7273 
13.8125 
16.5 
23.75 
17.6667 
15.5455 
30 
20.9167 
22.75 
22.2308 
17.9231 
22.4545 
36.1429 
17.8571 
18 
23.25 
18.0909 
14.8462 
15.7 
39 
16.0714 
26.4444 
12.0667 
18.25 
17.3 
35 
18.1765 
15.0833 
20.2857 
21.7273 
17 
49.6 
13.9412 
20.2222 
23.375 
15 
22.2857 
16.5833 
21.2222 
14.0556 
23.5 
11.8824 
28.3333 
22.2222 
10.9259 
28.5 
23.6111 
19.9286 
34 
15.5882 
23.1429 
25.3 
18.7059 
20.7778 
9.15 
15 
21 
21.6667 
30.6667 
14.2778 
19 
15.5385 
28.5 
19.9 
19.9167 
24.1429 
15.8077 
23.4167 
23.5 
27.3 
19.8125 
19.2308 
12.28 
20.3333 
18.1 
17 
16.1667 
14 
21.3636 
27 
22 
19.4444 
15.2308 
12.3333 
14.3333 
17.8696 
21.0909 
21.5833 
24.4615 
12.2105 
12.08 
20.7778 
20 
17.7273 
15.5 
22.4286 
16.1667 
22.4 
15 
11.5625 
12.8667 
20 
42 
204 
17.2 
17.375 
19.5 
23.8182 
19.8125 
13.7647 
12 
20.6667 
16.3333 
19.875 
19.3 
14.2667 
26.4444 
13.5714 
16.4167 
18.1 
29.2857 
13.5 
17.2 
24.6471 
17.625 
16.5714 
27.8889 
19.875 
18.5455 
13.9231 
15.4167 
11.5882 
17.5556 
18.0909 
20.2727 
24.3 
15.9167 
14.1333 
28.3333 
33.6667 
26.1 
42.75 
18 
21.9231 
19.6667 
13.1905 
17.2105 
24.9 
19.5 
26.8571 
13.8462 
12.8667 
19.25 
17.6364 
32.8333 
28.3333 
13.0667 
13.2 
15 
41.4 
68.6667 
16.8 
17.5238 
14.8947 
19.8333 
23.1818 
18.0556 
27.4444 
19.375 
18.5 
14.8333 
