0.235294 
0.261905 
0.204545 
0.428571 
0.30303 
0.171429 
0.25 
0.166667 
0.2 
0.170732 
0.134831 
0.177419 
0.210526 
0.151163 
0.160714 
0.384615 
0.25 
0.181818 
0.222222 
0.179487 
0.225806 
0.275 
0.195652 
0.441176 
0.30303 
0.172414 
0.225806 
0.157895 
0.22 
0.166667 
0.116279 
0.189655 
0.196721 
0.157143 
0.230769 
0.357143 
0.275862 
0.152174 
0.230769 
0.162162 
0.232558 
0.16 
0.472222 
0.263158 
0.147059 
0.184211 
0.166667 
0.15942 
0.175 
0.130952 
0.183333 
0.194444 
0.162162 
0.208955 
0.235294 
0.219512 
0.189189 
0.25 
0.263158 
0.173913 
0.447368 
0.285714 
0.151515 
0.2 
0.157895 
0.163934 
0.186047 
0.178218 
0.128205 
0.137931 
0.203704 
0.151515 
0.258065 
0.321429 
0.321429 
0.173077 
0.216216 
0.153846 
0.25 
0.186047 
0.404762 
0.257143 
0.131579 
0.2 
0.12766 
0.157895 
0.175 
0.182796 
0.146341 
0.134328 
0.149254 
0.148148 
0.208333 
0.333333 
0.258065 
0.243243 
0.171429 
0.219512 
0.25 
0.472222 
0.30303 
0.125 
0.1875 
0.2 
0.178571 
0.173913 
0.188889 
0.128571 
0.180556 
0.148148 
0.166667 
0.320755 
0.205128 
0.236842 
0.225 
0.235294 
0.176471 
0.272727 
0.181818 
0.472222 
0.238095 
0.108696 
0.166667 
0.157895 
0.196429 
0.166667 
0.1625 
0.196429 
0.216667 
0.15625 
0.169014 
0.258065 
0.216216 
0.228571 
0.30303 
0.27027 
0.1875 
0.404762 
0.3125 
0.142857 
0.2 
0.153846 
0.15873 
0.166667 
0.181818 
0.126437 
0.193548 
0.169231 
0.144578 
0.188679 
0.210526 
0.235294 
0.210526 
0.25 
0.25 
0.2 
0.416667 
0.321429 
0.138889 
0.206897 
0.166667 
0.169811 
0.183673 
0.191919 
0.166667 
0.147059 
0.22807 
0.189873 
0.186441 
0.36 
0.195122 
0.242424 
0.236842 
0.15625 
0.30303 
0.1875 
0.447368 
0.238095 
0.128205 
0.2 
0.166667 
0.172414 
0.175 
0.1875 
0.142857 
0.160714 
0.19697 
0.161765 
0.278689 
0.283333 
0.2 
0.18 
