0.849775 
0.729016 
0.723349 
0.575993 
0.729005 
0.799548 
0.759453 
0.775031 
0.648238 
0.884912 
0.854456 
0.831961 
0.82838 
0.817157 
0.827161 
0.516798 
0.756346 
0.867224 
0.67606 
0.851857 
0.79069 
0.711421 
0.727497 
0.565245 
0.732078 
0.796983 
0.765727 
0.774004 
0.64724 
0.873107 
0.853228 
0.83574 
0.821796 
0.812536 
0.835347 
0.501741 
0.753529 
0.85131 
0.660903 
0.80619 
0.725952 
0.733777 
0.571553 
0.739322 
0.797239 
0.768224 
0.769805 
0.652758 
0.874009 
0.851978 
0.830621 
0.83551 
0.813241 
0.843821 
0.754031 
0.861482 
0.750992 
0.792121 
0.710899 
0.725845 
0.573172 
0.730042 
0.793162 
0.771765 
0.776917 
0.646512 
0.874989 
0.753346 
0.84982 
0.830489 
0.82283 
0.810696 
0.820911 
0.602846 
0.75875 
0.861971 
0.750557 
0.799148 
0.718067 
0.726114 
0.583121 
0.736592 
0.794362 
0.768331 
0.783935 
0.64836 
0.881697 
0.682775 
0.85409 
0.830723 
0.828301 
0.817321 
0.813821 
0.598382 
0.767719 
0.859311 
0.853463 
0.721478 
0.730973 
0.570303 
0.72885 
0.807719 
0.765588 
0.770286 
0.644778 
0.888467 
0.750931 
0.836038 
0.829381 
0.81184 
0.833502 
0.600068 
0.760176 
0.867212 
0.765973 
0.860889 
0.800667 
0.69902 
0.647522 
0.571616 
0.741784 
0.80968 
0.772729 
0.772469 
0.648215 
0.87009 
0.843045 
0.839665 
0.823317 
0.805033 
0.836971 
0.75617 
0.859762 
0.758831 
0.84547 
0.719324 
0.728598 
0.579661 
0.717733 
0.797491 
0.760627 
0.777855 
0.649891 
0.887508 
0.753282 
0.850859 
0.828268 
0.828265 
0.814739 
0.822626 
0.753127 
0.856323 
0.755495 
0.843643 
0.700475 
0.713545 
0.577848 
0.711647 
0.797401 
0.758848 
0.769008 
0.63718 
0.888951 
0.755656 
0.843197 
0.832697 
0.821639 
0.815814 
0.821887 
0.587539 
0.759319 
0.850573 
0.757724 
0.793802 
0.710617 
0.729851 
0.574377 
0.73909 
0.796728 
0.772643 
0.768124 
0.650636 
0.877366 
0.747785 
0.850412 
0.82862 
0.836339 
0.808927 
0.832162 
0.609214 
0.766843 
0.867128 
