0.253972 
0.250584 
0.254667 
0.34991 
0.309447 
0.232588 
0.319368 
0.243579 
0.223819 
0.200349 
0.135003 
0.176345 
0.223935 
0.146655 
0.234568 
0.353072 
0.303806 
0.179774 
0.377783 
0.228357 
0.262473 
0.271676 
0.246782 
0.358193 
0.310283 
0.28903 
0.311166 
0.22584 
0.247451 
0.19345 
0.141366 
0.195213 
0.205843 
0.174567 
0.186638 
0.348397 
0.33007 
0.214706 
0.386508 
0.238504 
0.255877 
0.220885 
0.349564 
0.278523 
0.267104 
0.277261 
0.269905 
0.195028 
0.181897 
0.145472 
0.178526 
0.179501 
0.17224 
0.184844 
0.302503 
0.210607 
0.298515 
0.27027 
0.272501 
0.236813 
0.343287 
0.273802 
0.262541 
0.278756 
0.228108 
0.209958 
0.1899 
0.156373 
0.152945 
0.19796 
0.219903 
0.192667 
0.187004 
0.270428 
0.32479 
0.198657 
0.283221 
0.219348 
0.243054 
0.255541 
0.311887 
0.300938 
0.24441 
0.258465 
0.219015 
0.221081 
0.182756 
0.176098 
0.147577 
0.175073 
0.18655 
0.159758 
0.261168 
0.294062 
0.311651 
0.220513 
0.245926 
0.265381 
0.22416 
0.33666 
0.304953 
0.233767 
0.300638 
0.266139 
0.229432 
0.206727 
0.1697 
0.171029 
0.175176 
0.160439 
0.187535 
0.281668 
0.273899 
0.220034 
0.258652 
0.244175 
0.251976 
0.30931 
0.35254 
0.34741 
0.265703 
0.203908 
0.257988 
0.23164 
0.216925 
0.184471 
0.146111 
0.200078 
0.195693 
0.197159 
0.179915 
0.304061 
0.225145 
0.282423 
0.247889 
0.26232 
0.23306 
0.316086 
0.307411 
0.261043 
0.308752 
0.234301 
0.207752 
0.186065 
0.154098 
0.142403 
0.180878 
0.191614 
0.159312 
0.238795 
0.289717 
0.242607 
0.2731 
0.251074 
0.324406 
0.280483 
0.344782 
0.343043 
0.260375 
0.326803 
0.253731 
0.25058 
0.178205 
0.156134 
0.170962 
0.170132 
0.1976 
0.156267 
0.194856 
0.305909 
0.269724 
0.250817 
0.26129 
0.254742 
0.302211 
0.231004 
0.328523 
0.281077 
0.237137 
0.278905 
0.278527 
0.225419 
0.196231 
0.163365 
0.146051 
0.196386 
0.179618 
0.185345 
0.192655 
0.261183 
0.265381 
0.19084 
