0.62662 
0.708485 
0.745136 
1.15726 
0.951955 
0.554178 
0.873088 
0.617538 
0.623695 
0.494014 
0.355662 
0.46599 
0.639318 
0.382846 
0.720581 
1.31962 
0.859008 
0.475002 
1.08871 
0.56178 
0.653106 
0.771605 
0.721134 
1.19112 
0.955703 
0.695073 
0.849564 
0.572241 
0.688012 
0.477642 
0.372817 
0.514958 
0.587351 
0.445499 
0.568064 
1.30527 
0.930422 
0.568892 
1.1099 
0.590326 
0.717523 
0.637467 
1.16238 
0.855999 
0.642237 
0.757708 
0.68158 
0.548067 
0.452762 
0.382563 
0.470096 
0.514793 
0.435303 
0.563421 
0.853481 
0.550792 
0.857627 
0.667488 
0.775821 
0.681207 
1.15923 
0.837883 
0.62615 
0.76205 
0.577026 
0.594383 
0.463626 
0.554495 
0.402034 
0.51558 
0.62915 
0.503832 
0.572104 
1.0045 
0.913773 
0.523518 
0.814427 
0.542351 
0.683971 
0.72807 
1.04597 
0.918518 
0.582721 
0.703768 
0.55508 
0.612502 
0.446628 
0.622004 
0.38719 
0.457347 
0.53349 
0.419201 
0.79762 
1.08628 
0.875694 
0.580585 
0.610763 
0.748346 
0.651062 
1.12544 
0.92149 
0.554802 
0.817269 
0.670063 
0.647377 
0.509102 
0.602947 
0.448519 
0.502358 
0.418238 
0.569046 
1.04572 
0.772855 
0.577455 
0.739437 
0.604615 
0.62346 
0.875178 
1.02225 
1.16208 
0.816302 
0.485085 
0.70419 
0.583778 
0.596213 
0.453575 
0.384563 
0.524299 
0.564493 
0.515282 
0.546249 
0.8594 
0.584383 
0.821375 
0.609679 
0.738788 
0.673491 
1.05389 
0.951241 
0.61913 
0.84567 
0.592169 
0.585911 
0.455553 
0.550022 
0.373691 
0.475001 
0.544969 
0.413843 
0.712016 
0.820037 
0.641085 
0.796717 
0.62391 
0.917671 
0.81074 
1.14905 
1.05587 
0.626232 
0.902275 
0.639431 
0.698427 
0.437872 
0.549346 
0.44952 
0.445637 
0.569048 
0.411453 
0.594519 
1.14264 
0.758356 
0.660945 
0.759153 
0.628825 
0.85174 
0.657993 
1.10173 
0.861312 
0.567617 
0.76874 
0.706553 
0.61976 
0.477705 
0.58232 
0.384124 
0.513936 
0.512154 
0.485623 
0.584384 
0.972091 
0.747042 
0.501782 
