15.5391 
11.6665 
7.14087 
4.16081 
10.8939 
11.8255 
8.44004 
15.2746 
13.1387 
22.9696 
7.367 
14.6361 
4.28685 
7.16439 
14.6679 
3.81121 
5.95479 
11.5462 
7.78444 
16.9416 
14.7191 
9.97989 
9.17569 
7.62596 
10.7654 
8.59704 
9.06574 
16.2076 
10.0809 
22.9654 
12.0717 
5.12575 
15.7151 
6.03362 
8.85559 
4.27442 
5.52919 
11.1673 
7.71981 
16.7682 
11.5544 
8.89186 
3.99192 
11.8538 
9.84051 
10.5056 
14.0213 
17.4828 
21.8371 
7.48603 
10.0336 
18.1978 
6.42421 
5.33855 
6.27773 
14.5961 
8.66569 
14.1857 
10.0474 
9.66176 
4.26898 
11.2647 
11.3604 
9.55733 
15.7598 
15.3966 
19.9338 
3.63996 
5.72003 
15.1755 
4.23292 
5.68548 
9.03703 
4.62463 
5.36724 
12.6511 
9.6106 
17.8113 
11.1458 
8.39077 
3.76268 
11.181 
10.6155 
10.003 
16.8958 
14.7009 
22.5694 
8.93157 
11.3857 
7.59504 
3.78163 
6.61783 
13.3615 
4.43154 
6.01382 
13.651 
14.8939 
10.0044 
8.01477 
4.2842 
10.4774 
11.2984 
8.23973 
11.6723 
14.3085 
16.4092 
7.43079 
18.9036 
19.6344 
6.66901 
8.05353 
4.39134 
6.644 
13.0782 
10.1806 
15.0444 
15.3122 
8.7298 
7.46213 
3.04931 
12.5426 
12.5232 
10.4714 
13.6875 
14.7266 
17.3791 
12.0674 
5.08425 
3.73951 
3.28065 
8.90429 
5.95912 
13.5783 
8.73336 
13.5872 
10.5118 
8.49798 
3.35452 
10.3362 
9.65513 
7.51437 
14.8926 
15.9683 
23.7644 
7.97326 
12.6089 
10.4637 
3.53577 
3.45634 
14.472 
6.25407 
12.3661 
9.38098 
13.0901 
8.01186 
8.73647 
4.06764 
9.21971 
10.3835 
7.77953 
13.2685 
14.2409 
17.9358 
6.18883 
12.9441 
18.4695 
3.47176 
3.78854 
7.59003 
3.94022 
6.42071 
12.077 
9.71961 
14.8877 
9.17012 
10.5427 
4.28159 
12.8427 
10.6671 
9.22118 
13.6621 
15.1772 
21.7391 
7.6838 
12.3682 
6.31646 
3.85641 
1.2793 
8.56392 
5.07879 
6.55624 
17.7029 
