4.90909 
4.86735 
3.975 
3.04878 
4.60714 
5.54706 
4.23387 
5.63415 
3.82979 
7.2809 
3.82938 
4.43919 
2.13953 
2.89756 
1.65254 
2.6413 
3.66197 
4.6063 
2.84483 
5.16854 
4.56 
4.34043 
4.49519 
2.9878 
4.23944 
4.31343 
4.25373 
5.93258 
4.24348 
7.1129 
4.75248 
2.48201 
4.02574 
2.39645 
4.15584 
2.375 
3.58955 
4.4604 
3.03448 
4.5 
5.02105 
4.91964 
2.83929 
4.74074 
4.81169 
4.32692 
4.60976 
5.12821 
7.83333 
3.65385 
4.34173 
5.2439 
1.77059 
2.46284 
3.59211 
5.35714 
4.28571 
4.63235 
4.41379 
5.02941 
2.47191 
5.48077 
5.06667 
4.42105 
6.06897 
5.48162 
6.12981 
2.59825 
3.23164 
4.41732 
2.06349 
1.55102 
4.71141 
3.52381 
3.48551 
4.2807 
4.16667 
4.8913 
4.85294 
4.34043 
2.95 
4.75676 
4.75 
5.25 
4.95327 
4.64062 
8.08602 
3.20388 
4.60309 
3.63057 
3.14286 
2.48663 
1.36792 
3.54783 
3.62143 
5.30769 
4.73077 
4.49438 
3.58974 
2.65 
4.35811 
4.25 
4.19118 
4.86486 
5.09756 
4.88571 
4.32323 
5.87162 
5.57812 
3.14844 
3.52465 
2.94118 
4.42353 
5.42308 
5.01136 
5.05063 
4.87179 
4.54054 
2.91045 
2.08427 
5.08046 
5.29245 
4.40449 
5.4382 
4.89615 
5.55172 
5.51289 
3.47407 
2.39781 
2.53425 
4.20253 
3.79167 
5.30899 
4.19512 
4.98171 
5.01685 
4.96789 
3.27778 
5.25 
4.87179 
3.76119 
5.5 
5.14085 
7.65625 
4.38106 
4.63184 
4.02721 
2.71429 
2.46114 
1.58824 
3.3253 
4.9875 
4.71084 
5.12821 
4.05797 
3.62791 
2.7 
4.47581 
4.55556 
4.16667 
4.92593 
4.35088 
5.5124 
3.37885 
3.52288 
5.64474 
2.89474 
2.84848 
3.65672 
3.06306 
3.57865 
5.125 
4.53977 
4.88194 
4.3 
4.83962 
2.98913 
4.6988 
4.5 
4.69737 
4.76 
4.44615 
7 
4.52804 
4.32 
4.21756 
2.5817 
2.01274 
3.68919 
3.28295 
3.77528 
5.75 
