171480 
207694 
272836 
228154 
173520 
270836 
178473 
271244 
408356 
227203 
545202 
348356 
343364 
552714 
288834 
310072 
196871 
224838 
208990 
171842 
170697 
207974 
274610 
228557 
174852 
271630 
178919 
271607 
408958 
227124 
549580 
348600 
343101 
550666 
293847 
310690 
196856 
223638 
209040 
171489 
206524 
273710 
228856 
175526 
272118 
178689 
271396 
407338 
226219 
545810 
347822 
343327 
548636 
292838 
196682 
224309 
208178 
170500 
206920 
271804 
229432 
175364 
270925 
178886 
271231 
408390 
226426 
612006 
546210 
350690 
347612 
549556 
291862 
310283 
196634 
224396 
207923 
170444 
207343 
273598 
228430 
174621 
270736 
178617 
271645 
408296 
227240 
612920 
545288 
348754 
346676 
551020 
291972 
309677 
196272 
224522 
171248 
209006 
272323 
229248 
173378 
269919 
178061 
271818 
409598 
228071 
614528 
348640 
344773 
550483 
291899 
310534 
196576 
223417 
209426 
172172 
170569 
207662 
274261 
229356 
175586 
271166 
179002 
271096 
407832 
228036 
546924 
347897 
344436 
549367 
289735 
196450 
223984 
207938 
169337 
207166 
272122 
228870 
174319 
271584 
178581 
270934 
408744 
226085 
611987 
546512 
348607 
344458 
549419 
289672 
196362 
223737 
208004 
169366 
206360 
271798 
229308 
173636 
271058 
178880 
271882 
408790 
227204 
613853 
546312 
349000 
346072 
551876 
291928 
310426 
197058 
225150 
208588 
171380 
207304 
271447 
228276 
175566 
270662 
177863 
271698 
406042 
226369 
610903 
546064 
352112 
345430 
552558 
291032 
310307 
196788 
223332 
