6066.3 
6874.14 
7642.95 
5121.4 
4957.68 
8453.84 
4911.6 
7917.9 
10742.4 
8645.53 
21037 
12900.8 
10095.7 
20618 
8642.59 
5845.42 
5454.28 
9684.98 
4487.75 
6747.57 
5862.86 
6340.72 
7906.52 
5015.13 
4961.38 
6806.24 
5045.27 
8541.7 
9728.04 
8953.79 
20164.9 
11658.4 
10973 
17296.4 
10930.2 
5922.17 
5019.69 
8086.93 
4384.66 
6457.1 
6701.5 
8821.89 
5135.03 
5533.27 
7362.61 
5657.64 
7148.56 
12324.7 
9497.77 
19531.5 
12743.8 
12593.6 
17505.2 
11027.4 
5472.93 
8262.35 
5671.49 
5695.14 
6308.15 
8204.32 
5235.65 
5629.62 
7487.71 
5629.94 
8456.13 
11455 
9113.13 
18875 
18586.6 
11527.5 
10315.9 
15680.4 
10887.2 
7635.05 
5102.81 
8752.09 
5969.46 
7009.21 
7072.98 
7625.35 
5745.83 
5114.18 
8038.6 
6072.36 
8819.56 
10880.6 
9480.79 
16785.7 
19244.8 
13022.6 
12136.3 
18909.2 
7793.98 
7013.98 
5316.07 
7891.27 
6275.77 
6500.39 
8677.26 
5336.75 
5036.6 
8399.66 
5213.74 
7252.58 
10485.8 
8394.9 
17422.7 
13306.1 
12913 
18817.7 
10855.5 
7333.85 
6053.13 
7882.26 
6563.84 
6326.04 
6111.57 
5553.22 
5528.95 
5177.77 
5799.18 
9636.26 
6089.51 
8320.39 
11051.5 
9407.45 
19442.8 
11370.2 
11548.5 
15296.2 
11280.7 
5448.56 
7726.84 
5990.95 
6185.09 
6552.78 
8344.78 
5688.91 
5000.85 
7532.33 
5088.69 
8221.58 
11569.4 
9287.25 
19147 
19947.6 
12595.5 
11792.1 
18925.2 
8492.15 
5714.39 
7156.29 
6193.96 
6121.5 
5291.1 
6917.14 
5215.64 
4473.33 
7547.18 
4803.67 
7610.38 
9598.2 
9722.68 
18936.8 
16622.7 
13394.6 
11458.8 
19349.4 
10443.5 
6755.64 
6142.9 
6948.05 
6485.46 
6049.07 
5694.14 
8398.43 
5465.22 
5482.19 
8284.6 
5609.73 
6937.3 
10646.4 
8815.44 
18063.8 
19445.9 
11637.2 
12602.7 
16301.6 
10544 
7912.86 
6247.67 
9089.83 
