3.66667 
3.69811 
3.77358 
3.28 
3.25581 
4.14634 
3.54286 
3.90476 
3.91667 
3.70833 
4.17822 
4.05479 
3.73913 
4.14141 
3.63077 
3.40741 
3.55 
3.90769 
3.51515 
3.86957 
3.94737 
3.68627 
3.78182 
3.34694 
3.30233 
3.94118 
3.52632 
4.04545 
3.77049 
3.79592 
4.20833 
4.02899 
3.72603 
4.17284 
3.85 
3.36842 
3.62162 
3.81132 
3.625 
4 
3.58491 
3.86207 
3.16981 
3.375 
3.94872 
3.46667 
3.90476 
3.9 
4.08511 
4.10526 
3.91549 
3.81395 
3.95349 
3.65432 
3.61905 
3.92 
3.5 
3.88571 
3.625 
3.77778 
3.23636 
3.46667 
3.94737 
3.61905 
3.95455 
3.83099 
4.07843 
3.84874 
4.02273 
3.84848 
3.87692 
3.86842 
3.82051 
3.40541 
3.72973 
3.7377 
3.6 
4.08889 
3.70909 
3.68627 
3.38983 
3.36364 
4 
3.80952 
4.03774 
3.87879 
3.95745 
3.74545 
4.12766 
4.13158 
3.81818 
4.02151 
3.65517 
3.38235 
3.58974 
3.95652 
3.80488 
3.56 
3.9 
3.39623 
3.44186 
4 
3.57895 
4.11111 
3.72727 
3.88889 
3.70093 
3.74684 
3.76471 
4.12903 
3.68831 
3.4 
3.61702 
3.87234 
3.59184 
3.7619 
3.9 
3.52381 
3.4359 
3.35849 
3.34615 
4.15686 
3.63265 
4.04545 
3.8806 
4.14286 
4.17204 
4.02985 
3.75342 
3.94595 
3.80723 
3.69231 
3.95556 
3.81395 
3.81395 
3.78723 
3.82456 
3.35593 
3.2381 
3.9 
3.72222 
4 
3.89041 
3.91837 
3.88034 
4.10204 
3.97297 
3.68421 
4.06316 
3.77778 
3.6087 
3.80952 
3.6087 
3.9 
3.45 
3.58333 
3.33333 
3.35135 
3.95122 
3.6 
3.85714 
3.67742 
4.17241 
3.84746 
3.97403 
3.89744 
3.8 
4.21277 
3.82857 
3.26471 
3.63265 
3.70732 
3.74468 
3.89189 
3.72093 
3.7193 
3.34545 
3.19231 
4 
3.61905 
3.57143 
3.82353 
4 
3.75439 
4.16667 
4.03077 
3.87342 
3.97468 
3.79487 
3.35065 
3.70833 
4 
