107.402 
103.909 
102.279 
108.623 
100.742 
103.558 
97.2921 
105.098 
106.329 
106.792 
114.776 
110.466 
104.492 
109.804 
108.994 
102.623 
104.569 
106.815 
105.193 
102.386 
100.628 
103.409 
98.2549 
106.183 
101.111 
100.62 
100.948 
104.44 
106.349 
106.036 
113.062 
106.545 
103.945 
114.778 
108.61 
103.652 
101.34 
102.691 
101.845 
102.209 
104.788 
106.482 
114.339 
103.088 
104.852 
106.324 
96.2377 
110.651 
101.841 
111.42 
108.435 
105.864 
108.529 
110.056 
100.245 
98.9863 
101.764 
105.861 
106.024 
110.647 
110.089 
104.162 
106.527 
103.745 
101.723 
106.229 
105.102 
109.72 
113.628 
107.814 
103.615 
109.188 
112.303 
106.989 
102.921 
106.617 
101.359 
101.05 
99.5839 
105.912 
104.794 
104.413 
102.38 
102.424 
102.696 
104.621 
106.086 
111.52 
109.065 
110.059 
107.184 
106.783 
107.058 
105.321 
101.861 
101.779 
100.626 
97.6953 
107.776 
104.78 
106.943 
92.363 
105.571 
100.357 
107.239 
99.2756 
111.217 
113.558 
109.153 
109.045 
110.406 
106.232 
102.382 
100.378 
102.346 
102.707 
104.586 
100.642 
102.537 
102.848 
103.115 
104.379 
101.829 
106.037 
104.865 
106.312 
115.386 
107.867 
107.584 
110.899 
112.266 
102.019 
99.9474 
103.909 
107.248 
105.42 
103.031 
110.201 
102.787 
100.466 
99.551 
97.6222 
108.455 
103.937 
108.169 
112.882 
108.741 
106.039 
107.536 
108.103 
105.183 
102.475 
103.875 
96.7672 
107.102 
101.605 
107.655 
100.667 
102.339 
103.857 
101.233 
103.795 
103.353 
108.473 
112.24 
110.164 
106.954 
112.381 
113.162 
108.409 
103.698 
101.982 
102.752 
99.1869 
102.769 
107.535 
102.814 
103.219 
98.7576 
98.4182 
98.1667 
107.177 
102.638 
106.879 
111.76 
107.173 
110.423 
109.932 
110.812 
105.011 
103.015 
101.124 
