18 
18 
15 
10 
15 
23 
15 
22 
15 
27 
16 
18 
8 
12 
6 
9 
13 
18 
10 
20 
18 
16 
17 
10 
14 
17 
15 
24 
16 
27 
20 
10 
15 
10 
16 
8 
13 
17 
11 
18 
18 
19 
9 
16 
19 
15 
18 
20 
32 
15 
17 
20 
7 
9 
13 
21 
15 
18 
16 
19 
8 
19 
20 
16 
24 
21 
25 
10 
13 
17 
8 
6 
18 
12 
13 
16 
15 
20 
18 
16 
10 
16 
19 
20 
20 
18 
32 
12 
19 
15 
12 
10 
5 
12 
13 
21 
18 
16 
14 
9 
15 
17 
15 
20 
19 
19 
16 
22 
21 
13 
13 
10 
16 
21 
18 
19 
19 
16 
10 
7 
17 
22 
16 
22 
19 
23 
23 
14 
9 
10 
16 
14 
21 
16 
19 
19 
19 
11 
17 
19 
14 
22 
20 
30 
17 
19 
16 
10 
10 
6 
12 
19 
17 
20 
14 
13 
9 
15 
18 
15 
19 
16 
23 
13 
14 
22 
11 
12 
14 
10 
13 
19 
17 
19 
16 
18 
10 
15 
18 
17 
17 
17 
28 
17 
18 
17 
10 
8 
14 
11 
14 
23 
