0.26066936
0.37275603
0.51947877
0.79285846
0.54043994
0.14629069
0.39038174
0.33855475
0.92970818
0.13788647
-0.41371991
0.33931857
0.42571728
-0.30076476
0.31791491
0.5709197
0.25725614
0.14600435
0.27403274
0.2345214
0.36227491
0.43137368
0.87165022
0.76594854
0.50257567
0.1123631
0.36493312
0.30406317
0.91136024
0.18054853
-0.30422551
-0.046445145
0.037725654
-0.33859158
0.31949298
0.284915
0.20485731
0.29407277
0.2090937
0.40720455
0.5614621
0.75751264
0.55994718
0.1430042
0.39066216
0.32356078
0.90537685
0.43181077
-0.4473905
-0.34849552
0.1608407
-0.0034807479
-0.45867633
0.58561597
0.27243911
0.20083755
0.30214526
0.59586066
0.82718419
0.61549004
0.96713877
0.47002151
0.82368276
0.45725439
0.90894865
1.5903265
0.35116107
1.0713774
0.62054769
0.80275467
0.21635293
1.3851018
-0.064886635
1.0464104
0.4118044
0.49793755
0.62347953
0.75409195
0.81325425
0.56750673
0.97752771
0.40979457
0.80584071
0.42810929
0.93688362
1.5090412
0.62030665
1.1805109
0.42473079
0.4872678
0.14747965
1.3477071
-0.084565855
0.97958526
0.41007494
0.45995543
-0.35807492
-0.13570863
-0.16445972
-0.31974906
-0.95703609
-0.72024684
-0.55940599
-0.41735437
-0.62151566
-0.72133498
-0.48826597
-0.28843372
-0.96770431
-0.98878511
-0.69524485
-1.1259895
0.019882538
-0.77782616
-1.5638102
-0.68107382
-0.83240604
-0.16842474
-0.13560711
-0.15941116
-0.31374012
-0.93971373
-0.73275867
-0.55675011
-0.3232745
-0.61028269
-0.72807987
-0.5234055
-0.24983148
-0.99693142
-1.0285252
-0.65580126
-0.94371657
0.12558304
-0.81102299
-1.5671415
-0.82944816
-0.15141743
-0.1258977
-0.31537746
-0.94774229
-0.73979979
-0.60276399
-0.29566212
-0.66293604
-0.71292905
-0.53315292
-0.36216859
-0.99918259
-1.0432426
-0.72548433
-1.1257312
0.18366605
-0.62156721
-1.5288348
-0.65925339
-0.80539977
-0.091427104
-0.075519656
-0.23911491
-0.77452784
-0.63647547
-0.20022129
-0.28205232
-0.59723731
-0.52701301
-0.35926879
-0.16266778
-0.51842222
-0.78781037
-0.60924935
-0.64429048
0.066476599
-0.65598348
-1.1658171
-0.35342891
-0.10536869
-0.074602778
-0.29164808
-0.78716867
-0.66895461
-0.1989688
-0.28026489
-0.57159847
-0.53265622
-0.427889
-0.25286094
-0.56533757
-0.85202669
-0.75497687
0.31848528
-0.67646534
-1.1887045
-0.33068835
